#{"t_start": 1649929991.247351, "env_id": null}
r,l,t
-1193.772802,1000,2.903871
-1568.399137,1000,3.927736
-2171.182363,1000,5.969547
-1377.261382,1000,6.999114
-1491.887125,1000,9.04735
-918.020943,1000,10.147794
-899.731976,1000,12.218563
-611.802972,1000,13.246887
-936.313321,1000,15.342719
-1702.097657,1000,16.393411
-843.523514,1000,18.487087
-1570.124399,1000,19.537471
-458.906435,1000,21.612226
-912.209631,1000,22.658994
-1922.712596,1000,24.8167
-1647.185191,1000,25.870346
-1719.236208,1000,27.931089
-1214.573578,1000,28.962041
-1000.785781,1000,31.017241
-643.358764,1000,32.053065
-404.873927,1000,34.124972
-2115.536548,1000,35.15831
-629.094451,1000,37.204911
-1577.319446,1000,38.239502
-2396.729901,1000,40.334253
-1708.247809,1000,41.386908
-586.122998,1000,43.493042
-539.268214,1000,44.54301
-411.540231,1000,46.620281
-1406.123793,1000,47.652847
-1334.242857,1000,49.720392
-1150.399436,1000,50.774343
-1041.421228,1000,52.854046
-1309.387752,1000,53.891638
-1663.878463,1000,55.948863
-1460.190454,1000,56.991376
-522.937374,1000,59.037509
-889.508943,1000,60.072991
-1819.022767,1000,62.124772
-782.423859,1000,63.160539
-1724.016664,1000,65.290284
-1810.380331,1000,66.317812
-1118.457256,1000,67.344723
-1517.435968,1000,69.390088
-2032.728186,1000,70.435958
-714.884941,1000,72.485282
-1092.067969,1000,73.520921
-1623.463079,1000,75.567219
-875.25095,1000,76.603193
-719.808934,1000,78.681102
-1932.953021,1000,79.717068
-892.284695,1000,81.772214
-728.327349,1000,82.806345
-1732.813123,1000,84.884276
-1554.208778,1000,85.93225
-1236.398327,1000,88.052024
-840.965764,1000,89.086241
-1205.944262,1000,91.13911
-1602.917906,1000,92.180526
-585.406034,1000,94.287462
-1425.515673,1000,95.327097
-612.29242,1000,97.401874
-3142.230127,1000,98.450451
-1229.643245,1000,100.523239
-574.764147,1000,101.571029
-686.691965,1000,103.681697
-816.350306,1000,104.730571
-1397.233119,1000,106.873224
-809.153067,1000,107.906816
-967.305238,1000,109.958607
-613.384823,1000,110.996797
-535.49684,1000,113.064883
-600.32504,1000,114.11161
-1656.683407,1000,116.190259
-456.955768,1000,117.24175
-2047.598647,1000,119.331629
-2864.753181,1000,120.383878
-409.94194,1000,122.495108
-1010.972843,1000,123.532689
-749.111491,1000,125.58695
-2623.500986,1000,126.624665
-788.193761,1000,128.694297
-412.201937,1000,129.732207
-451.091622,1000,131.951032
-1080.429375,1000,132.983956
-2667.405976,1000,134.016576
-642.813137,1000,136.210325
-563.065911,1000,137.235298
-860.249063,1000,139.31155
-1590.645221,1000,140.348294
-699.126952,1000,142.405773
-417.536596,1000,143.449948
-1017.001595,1000,145.505301
-2337.777562,1000,146.538761
-799.842683,1000,148.65057
-539.087437,1000,149.69099
-1343.088356,1000,151.753763
-1052.566696,1000,152.793398
-2286.074761,1000,154.85473
-2844.969653,1000,155.910792
-607.15474,1000,158.01058
-577.794502,1000,159.052583
-1476.94872,1000,161.114308
-1684.873416,1000,162.154227
-390.965007,1000,164.21248
-918.218431,1000,165.25961
-1942.266951,1000,167.314587
-709.432045,1000,168.348267
-555.368584,1000,170.419266
-3437.926375,1000,171.45687
-520.337637,1000,173.51911
-934.230539,1000,174.559914
-1355.130045,1000,176.626635
-1214.371328,1000,177.680776
-675.614101,1000,179.754747
-554.153348,1000,180.810052
-569.426766,1000,182.888313
-2022.034493,1000,183.93863
-1627.985467,1000,186.000005
-470.434751,1000,187.033755
-1925.290115,1000,189.150085
-853.341212,1000,190.201615
-1022.384242,1000,192.273656
-1276.356944,1000,193.314252
-1277.416097,1000,195.376668
-353.955302,1000,196.479877
-1136.304088,1000,198.564831
-524.573213,1000,199.607257
-618.541118,1000,200.649425
-1610.878161,1000,202.728798
-593.218685,1000,203.777913
-1325.754642,1000,205.837332
-1886.867049,1000,206.875885
-543.774565,1000,208.940918
-407.876212,1000,209.980734
-428.821515,1000,212.069472
-861.3977,1000,213.123492
-331.610628,1000,215.20058
-310.40983,1000,216.240832
-1814.297301,1000,218.323837
-2791.347696,1000,219.377934
-533.040084,1000,221.442179
-1278.476196,1000,222.475205
-677.463723,1000,224.686598
-447.276563,1000,225.716241
-334.840721,1000,227.768982
-546.950657,1000,228.806132
-272.893184,1000,230.857334
-1544.021861,1000,231.889801
-349.397906,1000,233.965978
-899.350672,1000,235.012138
-178.581939,1000,237.074031
-902.273018,1000,238.112949
-443.949925,1000,240.173352
-679.029099,1000,241.210253
-773.410416,1000,243.287913
-955.967947,1000,244.325595
-755.051307,1000,246.384236
-216.196928,1000,247.424164
-317.068345,1000,249.485656
-2022.690798,1000,250.535054
-573.433163,1000,252.588802
-168.109285,1000,253.630647
-399.181972,1000,255.773619
-897.492873,1000,256.818249
-149.588329,1000,258.891421
-935.230103,1000,259.932703
-602.870764,1000,262.073415
-204.373437,1000,263.115373
-701.855602,1000,265.175264
-1572.18142,1000,266.224772
-873.638892,1000,267.263882
-217.702311,1000,269.368316
-745.152852,1000,270.458253
-593.401255,1000,272.515279
-1515.90612,1000,273.554614
-372.091203,1000,275.654091
-863.977576,1000,276.704214
-344.199632,1000,278.757492
-2447.216007,1000,279.790394
-1652.158877,1000,281.976162
-888.527234,1000,283.026651
-530.745895,1000,285.100623
-432.934884,1000,286.156389
-393.097911,1000,288.233572
-602.714754,1000,289.294536
-774.932039,1000,291.378606
-554.74849,1000,292.432259
-342.617833,1000,294.601896
-504.937625,1000,295.726787
-1933.127919,1000,297.81989
-331.963829,1000,298.875154
-294.779286,1000,300.978878
-461.646416,1000,302.03644
-382.147734,1000,304.171676
-306.106415,1000,305.287737
-919.631545,1000,307.44453
-322.977341,1000,308.501575
-493.78967,1000,310.593446
-64.494673,1000,311.647509
-1343.575562,1000,313.75432
-1501.115266,1000,314.810384
-876.169776,1000,316.906118
-714.082342,1000,317.95822
-871.383544,1000,320.06097
-274.335659,1000,321.119141
-217.805645,1000,323.200052
-923.334188,1000,324.251039
-207.518402,1000,326.342019
-179.260474,1000,327.396765
-232.937874,1000,329.493243
-323.711761,1000,330.534242
-486.45696,1000,332.609004
-337.323158,1000,333.65677
-956.242164,1000,334.708444
-723.029598,1000,336.787429
-545.613523,1000,337.834976
-579.33455,1000,340.02794
-1438.439136,1000,341.161759
-183.657189,1000,343.232774
-258.392726,1000,344.283953
-132.148531,1000,346.34697
-289.039154,1000,347.38045
-1273.312214,1000,349.441356
-340.874656,1000,350.478737
-570.561986,1000,352.537572
-1903.045349,1000,353.57252
-290.353404,1000,355.605613
-311.232014,1000,356.644321
-391.62724,1000,358.738014
-369.223437,1000,359.788926
-175.369886,1000,361.847861
-417.962939,1000,362.889304
-886.016458,1000,364.960558
-296.717557,1000,366.000857
-938.409036,1000,368.055923
-354.922122,1000,369.093005
-642.759295,1000,371.187498
-366.231078,1000,372.233926
-1270.407801,1000,374.26331
-356.576672,1000,375.314446
-972.071667,1000,377.343829
-198.113647,1000,378.383499
-1064.528019,1000,380.451622
-419.260824,1000,381.496342
-56.569571,1000,383.56041
-1227.80341,1000,384.603917
-536.434402,1000,386.677205
-189.056102,1000,387.726216
-373.303596,1000,389.797688
-256.652072,1000,390.85379
-798.714093,1000,392.928777
-120.087538,1000,393.972787
-502.314202,1000,396.043409
-233.53975,1000,397.095332
-62.55148,1000,398.160415
-1676.450741,1000,400.254495
-282.583437,1000,401.318627
-792.690369,1000,403.405304
-36.434538,1000,404.452561
-218.398328,1000,406.55555
-401.798396,1000,407.601456
-875.228823,1000,409.703518
-1199.060038,1000,410.74599
-110.280452,1000,412.813272
-915.426174,1000,413.873283
-102.231338,1000,415.976674
-39.189291,1000,417.033835
-426.412383,1000,419.1597
-483.772653,1000,420.217739
-343.838604,1000,422.334805
-170.407832,1000,423.399682
-151.063588,1000,425.501034
-486.154139,1000,426.549558
-508.464378,1000,428.609811
-628.251126,1000,429.660997
-146.011025,1000,431.722886
-159.832944,1000,432.766386
-1315.165993,1000,434.821533
-346.524642,1000,435.863885
-136.394078,1000,437.944406
-1725.995359,1000,439.006783
-386.306229,1000,441.091047
-55.825645,1000,442.138303
-50.218495,1000,444.207033
-274.013347,1000,445.25852
-235.891727,1000,447.321493
-63.244756,1000,448.368819
-469.704302,1000,450.443306
2.947475,1000,451.501473
-513.768116,1000,453.593439
-119.685684,1000,454.641289
-867.194703,1000,456.713537
3.234393,1000,457.770232
-323.653363,1000,459.883569
79.597236,1000,460.937428
-788.911666,1000,463.011621
-225.046572,1000,464.082919
-722.145169,1000,465.165202
-16.231803,1000,467.273158
-2127.670701,1000,468.343488
-1478.430793,1000,470.431142
-722.551557,1000,471.474368
-238.130093,1000,473.539396
-335.836664,1000,474.583216
-618.065269,1000,476.660624
-878.989151,1000,477.707412
-697.495509,1000,479.799252
-22.705149,1000,480.856723
-922.123137,1000,482.989669
-1472.404474,1000,484.094277
-594.257388,1000,486.233035
72.686253,1000,487.28972
-161.288133,1000,489.380102
-1642.982335,1000,490.437247
-22.411181,1000,492.518641
-209.120837,1000,493.574326
-228.663469,1000,495.643288
-224.944917,1000,496.68691
-187.023358,1000,498.842102
-733.072761,1000,499.88853
-335.367961,1000,501.95305
-330.684547,1000,502.996953
-1110.854349,1000,505.062283
-737.487425,1000,506.109223
-786.200339,1000,508.200582
-420.091631,1000,509.255691
-381.974438,1000,511.344832
-2115.267452,1000,512.40054
-157.330894,1000,514.470301
-652.654546,1000,515.546302
-282.557186,1000,517.624692
-722.650253,1000,518.671418
-2227.01154,1000,520.778374
-249.473909,1000,521.925136
-528.202438,1000,523.992574
-2024.683624,1000,525.036741
-61.370363,1000,527.12084
-665.481367,1000,528.168183
-92.681583,1000,530.268644
-281.738155,1000,531.32153
-83.062349,1000,532.369295
-927.922189,1000,534.454407
-666.602954,1000,535.520595
31.383179,1000,537.691313
-210.595205,1000,538.751958
-159.860805,1000,540.85133
-22.937939,1000,541.908879
89.970757,1000,543.997519
-223.379073,1000,545.057593
92.473158,1000,547.153428
-868.194272,1000,548.211091
-131.492343,1000,550.301559
100.012332,1000,551.35893
-827.426426,1000,553.433761
-138.47841,1000,554.489879
-1086.223639,1000,556.551724
90.037626,1000,557.607218
-40.754596,1000,559.667702
-818.482196,1000,560.722907
-505.960146,1000,562.805718
-65.804966,1000,563.865109
-1140.143043,1000,565.925416
-266.452279,1000,566.981418
-1272.455568,1000,569.055638
53.665034,1000,570.116816
-68.824274,1000,572.205048
-1246.074511,1000,573.26606
-540.317919,1000,575.336899
-1206.711515,1000,576.378245
-234.426928,1000,578.45198
-1060.82057,1000,579.525177
-992.465241,1000,581.606642
-318.670498,1000,582.670033
125.4589,1000,584.903816
-828.908349,1000,585.9686
-192.06951,1000,588.066719
-978.989227,1000,589.14079
-365.510655,1000,591.275204
-255.008905,1000,592.337702
-722.286717,1000,594.399626
-1106.697985,1000,595.446124
-109.187237,1000,597.509795
-59.612749,1000,598.552797
-1707.016223,1000,599.596247
-558.967984,1000,601.66196
-420.625698,1000,602.70949
-290.612306,1000,604.807021
-104.758393,1000,605.856068
-30.59075,1000,607.949612
-39.580873,1000,609.022282
-702.426118,1000,611.088326
-620.956349,1000,612.136752
-491.727293,1000,614.174112
-41.45605,1000,615.221774
-445.675361,1000,617.295656
-513.826416,1000,618.357321
-525.638962,1000,620.441881
-844.820955,1000,621.504118
-693.925724,1000,623.603324
-422.268462,1000,624.718266
-200.743885,1000,626.825939
-1431.341099,1000,627.889438
-454.074741,1000,629.98147
-72.95889,1000,631.047109
-376.137168,1000,633.133149
-539.474421,1000,634.188775
-237.026239,1000,636.264876
-30.613043,1000,637.311117
-339.88214,1000,639.376797
-806.416688,1000,640.426981
-20.940577,1000,642.498103
-103.292288,1000,643.541785
-268.029645,1000,645.591854
-336.317282,1000,646.635533
-481.682534,1000,648.746623
-239.621307,1000,649.78876
69.675244,1000,651.850186
-633.681535,1000,652.892608
81.594602,1000,655.048415
102.420486,1000,656.136208
85.809757,1000,658.239696
-69.246689,1000,659.307861
-492.079842,1000,661.407949
-0.572881,1000,662.471082
166.180908,1000,664.605878
-437.321285,1000,665.670236
34.578769,1000,666.733639
-739.8276,1000,668.840695
-51.778893,1000,669.89099
-1565.963055,1000,672.051173
-31.661702,1000,673.120696
-256.539371,1000,675.194961
-183.929254,1000,676.234442
-1073.222577,1000,678.314405
-176.28825,1000,679.371515
-418.122544,1000,681.435197
-523.620554,1000,682.485657
-133.111324,1000,684.559496
-134.830485,1000,685.609822
-775.450497,1000,687.692414
-56.839489,1000,688.739337
-32.483641,1000,690.824305
67.01557,1000,691.878904
-272.002287,1000,693.940988
-580.248003,1000,695.01778
-333.796776,1000,697.087484
-77.404136,1000,698.134421
-92.571958,1000,700.220211
-1145.43253,1000,701.273088
131.252278,1000,703.346353
-222.114719,1000,704.40937
10.998313,1000,706.502127
-986.267336,1000,707.561498
25.027905,1000,709.671648
200.813931,1000,710.733104
-826.160747,1000,712.795501
-223.795587,1000,713.854418
0.787499,1000,715.916932
199.237704,1000,716.973454
-711.324761,1000,719.04018
-737.801466,1000,720.097353
-228.601948,1000,722.182879
-141.070557,1000,723.224945
145.134489,1000,725.319733
-279.651969,1000,726.396044
89.478834,1000,728.48526
-14.249961,1000,729.541778
23.378125,1000,731.634417
131.948868,1000,732.694205
105.888948,1000,733.763809
-94.118994,1000,735.898929
-237.415395,1000,736.960494
214.627915,1000,739.008055
-413.553628,1000,740.05758
29.063586,1000,742.103822
-985.748981,1000,743.14424
-257.288032,1000,745.228195
-64.185567,1000,746.269855
52.300906,1000,748.334641
-143.376457,1000,749.406718
-86.061562,1000,751.501786
50.352642,1000,752.570167
-213.042054,1000,754.673658
119.296516,1000,755.73721
166.558897,1000,757.791304
-174.986224,1000,758.836334
-746.86719,1000,760.876116
-396.596561,1000,761.922537
-117.669275,1000,763.990215
-234.826209,1000,765.049072
-1287.723907,1000,767.270051
27.247532,1000,768.323478
-8.979487,1000,770.406373
139.47183,1000,771.458988
-166.824826,1000,773.551979
-391.576801,1000,774.611852
101.941557,1000,776.680205
-253.076747,1000,777.744693
-670.853864,1000,779.818273
-113.389429,1000,780.87815
-25.423023,1000,782.962704
-14.607507,1000,784.013943
-2207.08345,1000,786.107537
-64.997415,1000,787.144755
80.138599,1000,789.196816
-35.555474,1000,790.241346
-52.9392,1000,792.30872
-10.554619,1000,793.358239
-140.976967,1000,795.443094
-141.548169,1000,796.514719
-67.195224,1000,797.574466
-11.657156,1000,799.728634
-302.625556,1000,800.814657
-605.059185,1000,802.877837
108.122466,1000,803.937458
-106.886101,1000,805.999083
174.551266,1000,807.044775
-40.92235,1000,809.126474
-140.3012,1000,810.172115
211.009246,1000,812.240525
-483.027602,1000,813.296771
176.342106,1000,815.365964
-1779.206277,1000,816.40929
14.803076,1000,818.519089
152.93692,1000,819.563821
8.821687,1000,821.61408
-1302.441658,1000,822.658094
-124.498582,1000,824.711846
219.825699,1000,825.756555
-269.574693,1000,827.813416
53.939907,1000,828.862351
-113.827123,1000,830.97542
-445.862329,1000,832.015936
-125.985448,1000,834.110861
-116.094641,1000,835.169102
-166.246117,1000,837.243205
-540.675364,1000,838.291705
205.92972,1000,840.378442
-124.914508,1000,841.43491
-16.865233,1000,843.487725
218.16061,1000,844.559259
21.016361,1000,846.791458
33.495196,1000,847.854037
229.924819,1000,849.946069
66.411885,1000,851.003419
-2280.300461,1000,853.074679
-1380.718327,1000,854.134473
-33.18812,1000,856.224419
-1.44653,1000,857.288454
-1005.062905,1000,859.390675
-438.606045,1000,860.452993
263.928191,1000,862.536259
9.958599,1000,863.597376
-44.972978,1000,864.657033
31.775744,1000,866.726249
246.423635,1000,867.787772
266.447395,1000,869.855017
165.356574,1000,870.915095
-381.553067,1000,872.977608
252.515916,1000,874.040917
-148.490547,1000,876.101162
1.823066,1000,877.158921
-442.336889,1000,879.221496
-191.179016,1000,880.281418
45.386782,1000,882.38134
64.645895,1000,883.568118
-1040.891197,1000,885.744055
95.860115,1000,886.807768
-869.269117,1000,888.951619
-130.208769,1000,890.023257
-824.804813,1000,892.186982
85.54526,1000,893.241862
262.107159,1000,895.350527
148.876564,1000,896.408438
-841.460454,1000,898.570978
-967.242271,1000,899.608974
-31.432595,1000,901.7023
8.228275,1000,902.761014
-73.684429,1000,904.876924
-11.375911,1000,905.936207
215.280598,1000,908.023805
-205.121239,1000,909.086833
-461.344786,1000,911.198823
-1241.78705,1000,912.249505
153.198472,1000,914.381364
-876.009668,1000,915.430751
-45.6812,1000,917.502883
138.8111,1000,918.557491
-446.037767,1000,920.645291
241.770804,1000,921.716887
-80.646926,1000,923.815441
96.179763,1000,924.865235
-144.210304,1000,926.932427
-1010.775162,1000,927.987563
22.272864,1000,930.058999
-139.985596,1000,931.141729
283.591891,1000,932.240598
-158.515894,1000,934.379477
211.488901,1000,935.44921
200.876858,1000,937.550914
15.552808,1000,938.607271
106.122305,1000,940.681753
89.060736,1000,941.734109
-258.876924,1000,943.869045
190.754949,1000,944.935941
-158.92887,1000,947.017601
-362.129785,1000,948.079641
-18.618992,1000,950.19063
-348.491003,1000,951.265254
64.557627,1000,953.40263
-149.20318,1000,954.454841
301.716063,1000,956.525288
116.934792,1000,957.575469
248.466001,1000,959.733886
-121.009401,1000,960.840497
61.719686,1000,963.04957
-415.135982,1000,964.129898
153.677224,1000,966.242704
69.665855,1000,967.29161
-466.54816,1000,969.488639
-141.979539,1000,970.631008
-116.224646,1000,972.694708
-38.072718,1000,973.747383
156.075992,1000,975.822132
56.044402,1000,976.877651
-70.221983,1000,978.98283
94.736742,1000,980.046161
-398.2778,1000,982.122643
194.086558,1000,983.172859
-147.605559,1000,985.321789
314.74108,1000,986.388621
-642.321375,1000,988.498196
-115.280648,1000,989.563893
-297.393582,1000,991.658699
-115.036252,1000,992.717749
-588.632443,1000,994.787458
-9.35044,1000,995.830706
277.138603,1000,997.895124
183.685407,1000,998.938986
235.309564,1000,999.993196
163.833352,1000,1002.046162
-169.11707,1000,1003.086498
-44.968963,1000,1005.170683
-42.317068,1000,1006.241829
1.514735,1000,1008.306892
-924.526029,1000,1009.369153
-1097.56134,1000,1011.432692
-1129.69172,1000,1012.492657
-481.187127,1000,1014.587527
201.066083,1000,1015.654793
214.4452,1000,1017.730554
-779.807973,1000,1018.795878
-243.043811,1000,1020.887476
-323.305079,1000,1021.947249
271.532084,1000,1024.084736
-1507.986838,1000,1025.152634
-629.617015,1000,1027.25923
69.997803,1000,1028.332879
-82.470886,1000,1030.406255
-359.688469,1000,1031.453299
171.490878,1000,1033.506137
-11.416622,1000,1034.549045
338.537568,1000,1036.618231
328.637423,1000,1037.678214
-305.255325,1000,1039.746129
-100.026192,1000,1040.806404
-161.493599,1000,1042.871651
213.944004,1000,1043.931188
178.618951,1000,1046.037917
338.623032,1000,1047.096001
-154.857111,1000,1049.186134
-67.746206,1000,1050.234237
-1321.616678,1000,1052.324054
124.349851,1000,1053.376043
224.437774,1000,1055.454294
-683.213876,1000,1056.503797
123.834429,1000,1058.578029
206.369385,1000,1059.63171
8.930573,1000,1061.704248
-164.673788,1000,1062.758617
-263.610141,1000,1064.807183
3.881693,1000,1065.846942
-1486.594114,1000,1066.885653
109.236285,1000,1068.95198
-36.612607,1000,1070.006806
-739.700498,1000,1072.214776
-183.469986,1000,1073.263315
-340.126964,1000,1075.378216
159.552538,1000,1076.425039
255.281133,1000,1078.520585
-914.133253,1000,1079.58286
-710.476829,1000,1081.6794
134.186429,1000,1082.746893
-620.470834,1000,1084.832306
-513.607231,1000,1085.885696
86.242806,1000,1088.00439
-283.283645,1000,1089.053028
-211.104975,1000,1091.257391
246.004419,1000,1092.305847
-20.255664,1000,1094.37896
-187.612485,1000,1095.426107
-84.190084,1000,1097.539039
322.719222,1000,1098.607656
262.883491,1000,1100.698835
36.203632,1000,1101.749274
-25.243742,1000,1103.903632
1.521699,1000,1104.994196
-843.447119,1000,1107.182156
-367.597288,1000,1108.230152
240.425263,1000,1110.318488
85.30014,1000,1111.360029
-163.015191,1000,1113.518122
66.066797,1000,1114.585465
-362.511772,1000,1116.755789
-164.854557,1000,1117.82427
-4.731799,1000,1119.908755
-285.236487,1000,1120.954498
154.292045,1000,1123.024356
141.447347,1000,1124.087637
318.622757,1000,1126.218033
-116.685937,1000,1127.29089
-20.056997,1000,1129.423938
-839.284405,1000,1130.485806
367.178467,1000,1132.581707
-549.383405,1000,1133.648334
-460.478949,1000,1134.712547
62.958571,1000,1136.798409
-408.355532,1000,1137.851815
-169.480341,1000,1139.959433
-38.552272,1000,1141.031686
-943.940796,1000,1143.126884
248.289352,1000,1144.191823
-135.872871,1000,1146.311347
299.67146,1000,1147.481583
-306.080928,1000,1149.585721
243.10335,1000,1150.635116
-366.31361,1000,1152.712834
87.05774,1000,1153.7693
-547.915727,1000,1155.831895
-857.495968,1000,1156.891505
213.962274,1000,1158.952932
-276.995174,1000,1160.01375
95.77872,1000,1162.075819
137.553554,1000,1163.13342
17.584444,1000,1165.200401
188.168941,1000,1166.256873
-1097.280218,1000,1168.326689
141.608261,1000,1169.385982
298.039398,1000,1171.496198
380.125483,1000,1172.547489
157.809589,1000,1174.638499
-848.282612,1000,1175.683621
50.806472,1000,1177.720647
240.728865,1000,1178.771122
-804.885136,1000,1180.813012
-533.275837,1000,1181.858745
-97.013345,1000,1183.919684
21.607472,1000,1184.968013
-224.701917,1000,1187.031171
-18.550643,1000,1188.072865
-134.427083,1000,1190.153981
332.738578,1000,1191.190337
-93.617832,1000,1193.256567
-655.984471,1000,1194.305309
249.83081,1000,1196.398024
296.856874,1000,1197.46147
-1211.866608,1000,1198.520338
-368.091021,1000,1200.607532
-171.146158,1000,1201.65682
291.419963,1000,1203.748979
-29.51748,1000,1204.814987
-497.632268,1000,1206.902247
81.655435,1000,1207.951361
-946.123208,1000,1210.038036
113.370871,1000,1211.098814
196.084818,1000,1213.166865
120.710711,1000,1214.21435
-5.892372,1000,1216.324591
-254.28962,1000,1217.374815
-2193.908916,1000,1219.461758
-25.380222,1000,1220.515063
129.976505,1000,1222.604719
-428.932437,1000,1223.645676
151.380814,1000,1225.722905
132.965904,1000,1226.775918
342.701049,1000,1229.013
338.110411,1000,1230.062056
-114.101344,1000,1232.135779
-68.163072,1000,1233.183736
-297.899734,1000,1235.25316
-495.919394,1000,1236.307587
-89.52453,1000,1238.421048
315.715433,1000,1239.482977
6.376481,1000,1241.591103
-394.535444,1000,1242.652548
-174.453864,1000,1244.791101
257.919898,1000,1245.852377
200.068809,1000,1247.952338
372.335767,1000,1249.001552
85.013145,1000,1251.049028
302.02234,1000,1252.097405
315.719775,1000,1254.207597
-4.284791,1000,1255.256981
194.79291,1000,1257.373488
48.444825,1000,1258.437239
-169.602557,1000,1260.512132
-968.602733,1000,1261.562961
384.360562,1000,1263.654084
-361.346695,1000,1264.717186
187.583706,1000,1265.791058
60.48446,1000,1267.885669
183.449431,1000,1268.949903
84.703245,1000,1271.050978
-508.419199,1000,1272.115754
171.104314,1000,1274.227674
286.787172,1000,1275.294277
-79.013317,1000,1277.390424
89.785464,1000,1278.45309
11.417867,1000,1280.531711
74.122349,1000,1281.591547
-49.035393,1000,1283.669769
-294.297804,1000,1284.716277
-149.596704,1000,1286.798841
212.030691,1000,1287.852654
213.892554,1000,1289.948618
176.647863,1000,1290.996762
201.456084,1000,1293.057554
397.846199,1000,1294.101236
178.091114,1000,1296.164312
-31.836387,1000,1297.213728
-73.524657,1000,1299.271343
-102.976887,1000,1300.326924
-1026.059653,1000,1302.397143
-5.564293,1000,1303.466981
-774.684295,1000,1305.568161
-702.708821,1000,1306.620888
70.008237,1000,1308.699186
294.644686,1000,1309.751279
-152.264948,1000,1311.813089
-830.375283,1000,1312.869169
215.444551,1000,1314.969552
-733.405888,1000,1316.026078
185.070605,1000,1318.099158
207.478317,1000,1319.160115
303.623686,1000,1321.284021
359.851586,1000,1322.34149
224.498884,1000,1324.578904
244.612116,1000,1325.634001
-670.0232,1000,1327.710163
35.322702,1000,1328.77613
-469.789377,1000,1330.858248
-108.286914,1000,1331.907803
411.564121,1000,1332.960542
309.55847,1000,1335.025631
295.038151,1000,1336.070483
-1073.763408,1000,1338.131441
452.422676,1000,1339.177302
18.260818,1000,1341.248834
35.113848,1000,1342.296804
113.653822,1000,1344.344059
366.500089,1000,1345.38901
138.860889,1000,1347.443519
-737.830167,1000,1348.491866
128.138285,1000,1350.548209
-202.494747,1000,1351.626138
278.783798,1000,1353.693873
14.309156,1000,1354.740315
274.316335,1000,1356.81365
-873.443012,1000,1357.865541
466.73577,1000,1359.939023
190.621329,1000,1360.979243
-22.906034,1000,1363.038959
-226.247036,1000,1364.082311
-52.392674,1000,1366.148747
-453.581178,1000,1367.194717
313.490866,1000,1369.275463
-359.459171,1000,1370.332418
434.202922,1000,1372.442854
316.427208,1000,1373.495013
367.545425,1000,1375.577739
189.911109,1000,1376.621105
276.690722,1000,1378.746495
185.962656,1000,1379.792914
-124.502146,1000,1381.899279
78.290705,1000,1382.957044
66.377842,1000,1385.028119
364.174553,1000,1386.077214
366.286733,1000,1388.157093
-361.45535,1000,1389.215315
151.220505,1000,1391.419425
339.430752,1000,1392.475932
302.679474,1000,1394.59099
-1669.151301,1000,1395.646104
70.854698,1000,1397.718671
-1253.672615,1000,1398.764645
-443.168437,1000,1399.807062
384.596285,1000,1401.889407
-857.926053,1000,1402.94818
407.476581,1000,1405.039413
-781.912219,1000,1406.101242
384.895053,1000,1408.182836
397.868529,1000,1409.229511
278.181148,1000,1411.406037
232.118776,1000,1412.447936
-260.556754,1000,1414.527486
249.35523,1000,1415.569936
-1127.186625,1000,1417.631794
-298.68816,1000,1418.676524
-23.1348,1000,1420.705811
356.754786,1000,1421.754024
-324.193857,1000,1423.787385
295.643909,1000,1424.832291
96.71085,1000,1426.863641
415.505778,1000,1427.90965
61.323796,1000,1429.971238
-239.299486,1000,1431.03649
-328.182606,1000,1433.189255
292.287915,1000,1434.23575
133.149884,1000,1436.302442
251.04555,1000,1437.349052
314.237572,1000,1439.437921
199.060633,1000,1440.483295
-157.286394,1000,1442.569454
278.852238,1000,1443.628487
-13.874998,1000,1445.695711
-111.956641,1000,1446.743178
166.457619,1000,1448.811207
109.162423,1000,1449.849381
125.796365,1000,1451.906591
237.375079,1000,1452.948617
38.724895,1000,1455.007903
-76.999434,1000,1456.048342
-75.600907,1000,1458.147839
-196.853067,1000,1459.193938
-1100.281401,1000,1461.266189
-112.664929,1000,1462.30866
-880.358422,1000,1464.457545
364.659511,1000,1465.513502
-674.402227,1000,1466.570673
-704.863958,1000,1468.65448
50.361452,1000,1469.710771
-288.322824,1000,1471.793877
137.09576,1000,1472.854608
-552.088463,1000,1474.982418
374.318402,1000,1476.029184
-420.774759,1000,1478.114172
-489.840475,1000,1479.156557
-387.010885,1000,1481.286715
-127.961925,1000,1482.419201
-258.481625,1000,1484.556251
99.830586,1000,1485.612799
-515.149447,1000,1487.687685
-1028.209148,1000,1488.731547
158.952486,1000,1490.845693
394.638845,1000,1491.904673
267.152112,1000,1493.991101
43.869317,1000,1495.046229
-58.236128,1000,1497.129683
-473.082032,1000,1498.172732
-102.79722,1000,1500.234919
276.811968,1000,1501.284068
-49.060338,1000,1503.498492
51.104428,1000,1504.534371
-1586.463975,1000,1506.622463
53.915409,1000,1507.667883
-225.305043,1000,1509.734872
326.000552,1000,1510.775963
-554.152103,1000,1512.843125
106.463857,1000,1513.888958
24.542257,1000,1515.956521
257.891567,1000,1516.996873
-1300.567016,1000,1519.081108
-423.072851,1000,1520.151762
289.551965,1000,1522.270158
-209.950264,1000,1523.311451
-527.238935,1000,1525.364273
-762.261627,1000,1526.404704
-819.108454,1000,1528.460319
26.676607,1000,1529.507904
77.383313,1000,1531.601716
237.406685,1000,1532.645186
202.741458,1000,1533.69427
174.364083,1000,1535.750619
347.394937,1000,1536.798718
-615.149884,1000,1538.882468
25.24235,1000,1539.937327
-637.58066,1000,1542.016089
216.832998,1000,1543.072283
-296.454573,1000,1545.182572
8.6572,1000,1546.239928
-941.791864,1000,1548.361268
185.450425,1000,1549.408003
-464.047256,1000,1551.471762
-1021.996231,1000,1552.516484
-86.65407,1000,1554.597866
199.489062,1000,1555.642414
227.589461,1000,1557.766248
-278.350722,1000,1558.819875
-301.207018,1000,1560.925143
203.084671,1000,1561.982812
-959.565313,1000,1564.081715
-961.672127,1000,1565.135926
227.837835,1000,1567.202231
-175.977229,1000,1568.237044
85.803042,1000,1570.316373
-848.209597,1000,1571.350919
68.881548,1000,1573.410746
3.006565,1000,1574.446349
260.039307,1000,1576.492882
291.035691,1000,1577.537848
105.80148,1000,1579.615707
-121.890716,1000,1580.657372
-925.211577,1000,1582.744059
-583.127727,1000,1583.782082
270.590502,1000,1585.833931
-1173.938413,1000,1586.870841
-1425.569448,1000,1588.919861
273.309649,1000,1589.956334
-45.546844,1000,1592.026344
218.583364,1000,1593.066798
-116.158617,1000,1595.138972
-12.608998,1000,1596.174194
-747.010633,1000,1597.210576
-474.897227,1000,1599.324404
303.259109,1000,1600.38617
-8.028164,1000,1602.482809
-877.441258,1000,1603.563181
-1553.434124,1000,1605.652233
-464.625809,1000,1606.710644
53.334615,1000,1608.803212
66.347088,1000,1609.861658
232.531711,1000,1612.017474
-841.315818,1000,1613.060547
-146.856961,1000,1615.1256
288.526281,1000,1616.172487
239.017526,1000,1618.234106
-487.21787,1000,1619.279589
87.100657,1000,1621.397946
-479.665327,1000,1622.434844
-1691.861355,1000,1624.482308
-1481.933329,1000,1625.519626
-116.267714,1000,1627.637959
-294.961249,1000,1628.678757
-399.351415,1000,1630.748876
284.678794,1000,1631.789842
353.912823,1000,1633.918819
198.785037,1000,1634.979863
-1405.757871,1000,1637.060984
-94.018287,1000,1638.113499
-91.428873,1000,1640.204313
246.184373,1000,1641.244468
404.442251,1000,1643.308412
-304.394602,1000,1644.358479
244.033394,1000,1646.42079
-373.541986,1000,1647.463203
-906.394743,1000,1649.523677
264.155532,1000,1650.563455
-2291.975901,1000,1652.674381
-934.882442,1000,1653.723018
14.256587,1000,1655.81846
-115.105272,1000,1656.866115
332.660878,1000,1658.94537
-51.427225,1000,1660.005688
-32.747298,1000,1662.102823
-850.508679,1000,1663.147709
-1547.031649,1000,1664.19438
155.755666,1000,1666.263934
168.535435,1000,1667.307868
162.903454,1000,1669.3831
266.875065,1000,1670.445734
27.676304,1000,1672.545035
-748.99596,1000,1673.612143
141.550839,1000,1675.683829
-778.840037,1000,1676.72732
304.81282,1000,1678.800627
-580.968035,1000,1679.846235
-612.872796,1000,1681.914059
157.03704,1000,1682.960998
250.67014,1000,1685.031514
-723.703472,1000,1686.06877
301.849743,1000,1688.165659
201.21396,1000,1689.214649
89.26593,1000,1691.295017
158.379829,1000,1692.330877
-137.820636,1000,1694.398572
109.892058,1000,1695.435247
245.940914,1000,1697.492649
342.93501,1000,1698.529861
-869.284524,1000,1700.554855
14.657907,1000,1701.594973
-875.902522,1000,1703.629929
-259.077926,1000,1704.668967
-51.554019,1000,1706.732769
-670.322138,1000,1707.789757
-1458.243175,1000,1709.877055
-95.199814,1000,1710.930204
-189.27506,1000,1713.014412
-1519.116076,1000,1714.079317
-25.842625,1000,1716.169639
133.209931,1000,1717.218554
287.997576,1000,1719.291337
200.052279,1000,1720.335916
-2102.275261,1000,1722.400695
321.079703,1000,1723.441178
184.496048,1000,1725.519194
-477.983322,1000,1726.555931
251.110514,1000,1728.668095
211.061931,1000,1729.716173
362.720197,1000,1730.758051
358.386539,1000,1732.818113
-50.746113,1000,1733.856185
-54.11516,1000,1736.027081
-404.309049,1000,1737.098681
-60.81511,1000,1739.228053
-158.907889,1000,1740.293103
-86.4718,1000,1742.373248
198.104435,1000,1743.446373
28.960022,1000,1745.53852
-749.461046,1000,1746.594045
233.762852,1000,1748.745834
51.600761,1000,1749.789697
-560.212785,1000,1751.868077
311.773031,1000,1752.908976
31.377451,1000,1754.971347
-101.642658,1000,1756.02042
-1483.656379,1000,1758.114289
195.342152,1000,1759.153455
113.959768,1000,1761.234256
-382.824719,1000,1762.279313
-15.893756,1000,1764.463567
-953.80841,1000,1765.592842
-619.58759,1000,1767.666248
-101.212917,1000,1768.715842
269.087933,1000,1770.789728
-100.578974,1000,1771.841808
-540.951152,1000,1773.915963
311.084984,1000,1774.989956
330.896205,1000,1777.065973
-1876.937749,1000,1778.109865
-330.679933,1000,1780.178093
14.798214,1000,1781.218595
-236.263315,1000,1783.291871
394.062999,1000,1784.338668
118.75009,1000,1786.400487
334.213047,1000,1787.449824
-120.118175,1000,1789.544413
28.910939,1000,1790.605126
335.173742,1000,1792.686536
-121.211222,1000,1793.732048
-643.919511,1000,1795.801431
-781.730549,1000,1796.843421
453.578718,1000,1797.910724
368.718857,1000,1799.990032
257.186638,1000,1801.047576
56.513298,1000,1803.13949
-599.496284,1000,1804.194458
-60.734261,1000,1806.321142
98.638601,1000,1807.382998
176.301854,1000,1809.539002
70.233974,1000,1810.613091
67.578041,1000,1812.718466
-89.806263,1000,1813.782077
-1572.812825,1000,1815.905812
-323.058875,1000,1816.9678
-416.443548,1000,1819.071806
253.927456,1000,1820.132403
110.538351,1000,1822.194379
-8.473368,1000,1823.227207
116.256524,1000,1825.296769
-936.537035,1000,1826.345661
167.712374,1000,1828.39867
1.703573,1000,1829.447845
91.893803,1000,1831.511819
-1525.778384,1000,1832.555326
-1042.376231,1000,1834.588304
267.334182,1000,1835.631255
-28.101509,1000,1837.658853
-209.843763,1000,1838.699117
-496.079102,1000,1840.732608
-1040.080183,1000,1841.774741
396.634383,1000,1843.811572
390.660251,1000,1844.854394
75.319106,1000,1846.94928
264.935457,1000,1847.99248
-167.88721,1000,1850.051055
-45.859055,1000,1851.097738
166.751528,1000,1853.149693
215.821209,1000,1854.191519
-950.991855,1000,1856.306954
52.854207,1000,1857.364879
358.14081,1000,1859.455625
-414.619053,1000,1860.513011
-276.173851,1000,1862.598219
-1246.734505,1000,1863.641239
314.05951,1000,1864.688698
-1197.015292,1000,1866.746315
423.496017,1000,1867.793367
349.809047,1000,1869.856075
-859.506842,1000,1870.900444
23.230677,1000,1872.967463
432.429427,1000,1874.083156
-165.067673,1000,1876.142513
320.104456,1000,1877.180396
293.065994,1000,1879.368335
-368.036267,1000,1880.40676
221.841842,1000,1882.455356
318.178522,1000,1883.489751
322.04812,1000,1885.572335
172.17688,1000,1886.613631
124.970747,1000,1888.687853
-993.529272,1000,1889.765202
196.953448,1000,1891.8516
-233.62246,1000,1892.892651
-36.870375,1000,1894.967374
-230.792041,1000,1896.028628
-767.850362,1000,1898.132315
438.808272,1000,1899.173861
303.702095,1000,1901.248094
-164.641662,1000,1902.299409
64.911024,1000,1904.341619
-50.27599,1000,1905.386215
242.843998,1000,1907.421433
36.444361,1000,1908.464606
-26.067973,1000,1910.525387
36.599089,1000,1911.571888
157.596736,1000,1913.629551
378.941395,1000,1914.667414
228.922805,1000,1916.761189
315.988255,1000,1917.929845
-239.094724,1000,1920.070354
-90.197755,1000,1921.1269
-11.607831,1000,1923.219283
-1234.40661,1000,1924.2831
17.294971,1000,1926.369972
45.772166,1000,1927.416553
-242.110694,1000,1929.510388
-295.410861,1000,1930.554298
175.579911,1000,1931.600195
166.097354,1000,1933.679466
174.010657,1000,1934.72991
-709.186655,1000,1936.837134
338.66112,1000,1937.893504
271.32632,1000,1939.971513
-137.590213,1000,1941.006373
275.853759,1000,1943.061504
360.15396,1000,1944.097894
-821.134125,1000,1946.155099
-275.345826,1000,1947.200435
-105.257778,1000,1949.279548
108.333621,1000,1950.339777
287.058695,1000,1952.428599
-279.765438,1000,1953.48643
396.659126,1000,1955.581495
78.786391,1000,1956.644641
183.35723,1000,1958.817017
-656.74554,1000,1959.872957
-244.069614,1000,1961.963577
232.817552,1000,1963.026687
343.069533,1000,1965.110218
156.932412,1000,1966.156704
188.949734,1000,1968.258139
-184.630505,1000,1969.3162
208.691831,1000,1971.412323
231.954546,1000,1972.453981
231.277284,1000,1974.581645
-146.611265,1000,1975.638199
270.191733,1000,1977.7991
131.426095,1000,1978.871834
-3.452859,1000,1980.960623
-463.786461,1000,1982.00484
304.499748,1000,1984.073253
-461.715999,1000,1985.118905
398.784973,1000,1987.234706
-36.878654,1000,1988.32857
318.866744,1000,1990.602172
202.296667,1000,1991.666622
231.120123,1000,1993.783663
253.471416,1000,1994.843587
375.443937,1000,1995.922481
-778.002202,1000,1998.011525
-439.119682,1000,1999.068861
-701.965286,1000,2001.168218
320.831874,1000,2002.227122
-573.582882,1000,2004.318393
398.085803,1000,2005.385264
-1428.584766,1000,2007.479263
81.802041,1000,2008.538985
-275.327297,1000,2010.66445
-30.657421,1000,2011.739292
50.018767,1000,2013.808293
-317.417284,1000,2014.853894
373.111092,1000,2016.916293
142.874865,1000,2017.957453
-602.644374,1000,2020.035245
110.207243,1000,2021.093968
68.052929,1000,2023.218886
219.175171,1000,2024.271352
-486.566294,1000,2026.382587
-735.220502,1000,2027.452827
138.046317,1000,2029.548246
-215.094157,1000,2030.606794
144.647911,1000,2032.721706
-845.2195,1000,2033.778741
410.89735,1000,2035.881501
-396.318072,1000,2036.946842
-693.425238,1000,2039.03346
197.593175,1000,2040.073953
30.353445,1000,2042.13437
-698.465427,1000,2043.17677
-347.744598,1000,2045.234615
151.406701,1000,2046.274957
149.163484,1000,2048.304964
-96.913141,1000,2049.345673
-752.40099,1000,2051.366985
270.67552,1000,2052.408512
-1116.830324,1000,2054.427571
-472.628305,1000,2055.467714
116.291309,1000,2057.506219
-480.448947,1000,2058.570119
-532.275687,1000,2060.67675
-918.037967,1000,2061.740016
114.719786,1000,2062.805558
-1255.35653,1000,2064.856033
-54.361577,1000,2065.887892
373.573375,1000,2067.946085
425.545797,1000,2068.981476
-245.184336,1000,2071.029371
287.205105,1000,2072.067755
284.037738,1000,2074.127836
43.794125,1000,2075.1678
-1018.786587,1000,2077.207421
145.345458,1000,2078.246559
345.601534,1000,2080.319142
-271.275558,1000,2081.384259
345.7769,1000,2083.498542
27.879449,1000,2084.546185
-552.801298,1000,2086.611447
264.939317,1000,2087.653795
382.355877,1000,2089.792062
159.873158,1000,2090.850294
-293.469107,1000,2092.89721
61.131267,1000,2093.946545
276.708494,1000,2096.012316
-279.760623,1000,2097.056262
-63.319453,1000,2099.15311
-1722.814589,1000,2100.206671
409.180483,1000,2102.331679
420.977116,1000,2103.396388
341.600227,1000,2105.498332
35.054821,1000,2106.561334
-116.941776,1000,2108.641859
141.303594,1000,2109.686437
-681.575423,1000,2111.776325
145.314192,1000,2112.82435
-23.729428,1000,2114.900195
-471.568528,1000,2115.9605
-926.69999,1000,2118.087626
285.308265,1000,2119.135579
-371.567915,1000,2121.228631
-292.347459,1000,2122.386899
-258.21944,1000,2124.625784
-132.460166,1000,2125.685565
-91.952743,1000,2127.799523
-812.627763,1000,2128.84691
-45.927695,1000,2129.893498
-146.451392,1000,2131.979621
410.898732,1000,2133.02472
428.246304,1000,2135.096089
397.983358,1000,2136.140832
-1079.836876,1000,2138.222941
-125.770455,1000,2139.284728
344.30795,1000,2141.359581
263.88055,1000,2142.417837
48.963258,1000,2144.525775
449.628407,1000,2145.585228
249.488436,1000,2147.678215
-168.306854,1000,2148.738703
412.763481,1000,2150.863176
151.076432,1000,2151.9082
-173.266705,1000,2153.98092
-393.840719,1000,2155.024879
-338.633427,1000,2157.078053
-84.636264,1000,2158.122948
202.031303,1000,2160.194348
377.260798,1000,2161.249565
115.096686,1000,2163.315204
315.91324,1000,2164.360559
-261.048474,1000,2166.423081
-339.91892,1000,2167.467755
-186.9105,1000,2169.601342
-161.620282,1000,2170.646142
387.215773,1000,2172.713517
435.492286,1000,2173.762658
-141.449134,1000,2175.835353
-762.720869,1000,2176.882219
365.067303,1000,2178.966266
-186.168265,1000,2180.011659
299.36249,1000,2182.076179
-387.553592,1000,2183.127606
-362.38749,1000,2185.201302
-996.625273,1000,2186.248607
192.158402,1000,2188.320585
-38.500274,1000,2189.36728
276.492886,1000,2191.459011
471.334168,1000,2192.506976
-52.0328,1000,2194.626253
-393.053473,1000,2195.676136
388.844973,1000,2196.717284
197.826429,1000,2198.91148
97.800514,1000,2199.973419
-1993.043924,1000,2202.048441
-1350.164481,1000,2203.100914
-71.864253,1000,2205.226655
273.809456,1000,2206.282684
-24.140595,1000,2208.568627
278.43672,1000,2209.625565
-141.802934,1000,2211.786407
-277.9428,1000,2212.853687
4.8612,1000,2215.103698
-903.589003,1000,2216.167714
-257.221102,1000,2218.250783
120.322167,1000,2219.2979
-5.230566,1000,2221.370579
296.570127,1000,2222.414934
9.56008,1000,2224.623781
300.096253,1000,2225.70591
335.362909,1000,2227.783468
-154.150661,1000,2228.828347
-45.290186,1000,2230.90312
323.258655,1000,2231.96279
-222.359965,1000,2234.022254
-36.915238,1000,2235.077856
-62.935527,1000,2237.143557
-133.273612,1000,2238.20034
350.903835,1000,2240.290901
272.076541,1000,2241.349083
329.559747,1000,2243.416867
-264.837433,1000,2244.47427
-471.588433,1000,2246.566868
325.922911,1000,2247.62693
-118.122048,1000,2249.714564
352.060178,1000,2250.778008
-120.897952,1000,2252.856262
-108.295739,1000,2253.901541
-461.713736,1000,2255.965723
368.799969,1000,2257.011571
-51.321799,1000,2259.069664
-422.844792,1000,2260.110687
263.33683,1000,2262.164954
-419.276425,1000,2263.211196
230.814603,1000,2264.256492
338.266799,1000,2266.3283
-145.402438,1000,2267.379048
259.688035,1000,2269.439963
-104.711413,1000,2270.489641
399.003558,1000,2272.530426
208.792812,1000,2273.575706
-377.53734,1000,2275.631505
153.690918,1000,2276.674994
306.446229,1000,2278.785091
-137.068685,1000,2279.829144
260.117969,1000,2281.919284
16.553436,1000,2282.969787
-255.450053,1000,2285.038178
233.621015,1000,2286.102908
256.274888,1000,2288.232128
142.542092,1000,2289.291875
305.676217,1000,2291.426946
-96.877254,1000,2292.48682
160.756198,1000,2294.605393
413.129358,1000,2295.665988
-860.659151,1000,2297.725837
-328.707182,1000,2298.759959
-498.674124,1000,2300.789296
-172.561452,1000,2301.830334
-1711.681217,1000,2303.848495
55.144256,1000,2304.877981
-359.038697,1000,2306.909313
155.581545,1000,2307.94024
193.460465,1000,2309.998359
219.023483,1000,2311.044324
149.699031,1000,2313.114605
-1305.693228,1000,2314.170946
233.316378,1000,2316.234119
-201.308402,1000,2317.276859
-25.434124,1000,2319.408955
81.601577,1000,2320.451957
286.6361,1000,2322.518495
190.772919,1000,2323.562355
7.248113,1000,2325.636093
444.844997,1000,2326.694481
429.330034,1000,2328.795836
328.769585,1000,2329.83963
137.264737,1000,2330.882834
-28.620372,1000,2332.941571
276.559886,1000,2333.984091
-449.085408,1000,2336.028262
369.978953,1000,2337.066858
-622.300321,1000,2339.20811
-329.426612,1000,2340.263671
355.636532,1000,2342.316503
431.71191,1000,2343.364775
-37.505571,1000,2345.466897
315.569381,1000,2346.517326
315.175583,1000,2348.605902
348.759036,1000,2349.66115
-612.845845,1000,2351.737598
-139.792521,1000,2352.792465
328.003788,1000,2354.889808
-113.441772,1000,2355.94905
90.527894,1000,2358.037369
-401.766429,1000,2359.14089
-67.15745,1000,2361.313345
291.312615,1000,2362.375196
360.530615,1000,2364.494205
249.401645,1000,2365.540642
111.120816,1000,2367.61012
384.967502,1000,2368.657562
-367.774444,1000,2370.733905
226.200305,1000,2371.78516
-280.280201,1000,2373.851448
45.760048,1000,2374.897073
-97.898149,1000,2376.944502
212.10017,1000,2377.986861
-1758.21489,1000,2380.06669
314.781332,1000,2381.137185
33.043971,1000,2383.228211
-98.285626,1000,2384.27321
286.173578,1000,2386.341717
185.884495,1000,2387.389761
328.775853,1000,2389.447492
252.019826,1000,2390.490819
233.123646,1000,2392.544091
21.483201,1000,2393.585996
-381.740573,1000,2394.629656
-437.766571,1000,2396.722853
375.946532,1000,2397.769241
300.944892,1000,2399.865723
-262.094639,1000,2400.924401
264.055746,1000,2403.067637
286.16964,1000,2404.113813
253.294641,1000,2406.259196
156.155297,1000,2407.303628
217.624975,1000,2409.370031
-388.535269,1000,2410.418143
314.368939,1000,2412.507779
-341.976647,1000,2413.572684
366.272296,1000,2415.648151
-736.325637,1000,2416.692833
445.909334,1000,2418.784848
17.515247,1000,2419.847666
-60.060931,1000,2421.956795
485.771079,1000,2423.000014
-245.290231,1000,2425.059778
-155.343819,1000,2426.105643
344.400283,1000,2428.189448
-377.98697,1000,2429.233867
82.85131,1000,2431.291299
222.049449,1000,2432.332711
-935.534651,1000,2434.388822
-125.902026,1000,2435.433414
-219.787853,1000,2437.493458
4.138168,1000,2438.538484
-87.386562,1000,2440.598305
234.915165,1000,2441.646048
263.858476,1000,2443.730152
-424.520607,1000,2444.769809
-1017.52642,1000,2446.85931
294.460081,1000,2447.905873
30.086099,1000,2449.976069
115.380668,1000,2451.023313
322.17958,1000,2453.082189
-4.781003,1000,2454.125404
276.21225,1000,2456.184235
394.018261,1000,2457.233785
-193.937068,1000,2459.295798
-50.708684,1000,2460.340359
-10.79512,1000,2461.428052
151.126691,1000,2463.499277
418.370034,1000,2464.552977
55.621257,1000,2466.617532
300.949349,1000,2467.664718
326.23739,1000,2469.747854
187.341417,1000,2470.789955
257.737837,1000,2472.854362
-452.36246,1000,2473.907965
0.778357,1000,2475.98914
341.444329,1000,2477.03295
-55.90341,1000,2479.098278
510.065258,1000,2480.150277
-203.79857,1000,2482.249921
-536.939151,1000,2483.294868
147.418502,1000,2485.352943
388.937669,1000,2486.449781
270.384422,1000,2488.739225
381.33442,1000,2489.852907
-510.76889,1000,2491.906659
-630.089271,1000,2492.951476
139.782403,1000,2495.085563
288.029341,1000,2496.136507
-339.223221,1000,2498.239314
170.383719,1000,2499.280873
-879.599944,1000,2501.334834
111.203051,1000,2502.383109
203.060989,1000,2504.497567
-268.116586,1000,2505.549209
-81.040298,1000,2507.615417
-92.276092,1000,2508.661279
421.96057,1000,2510.727502
-84.984526,1000,2511.771306
358.362146,1000,2513.824067
-497.260666,1000,2514.862703
14.635194,1000,2516.928147
268.807456,1000,2517.975766
329.744016,1000,2520.066813
104.117103,1000,2521.127806
-51.691667,1000,2523.226897
142.021303,1000,2524.299253
136.869445,1000,2526.409647
73.494727,1000,2527.47686
242.746783,1000,2528.537936
412.483931,1000,2530.609953
-355.885856,1000,2531.653043
452.111409,1000,2533.725186
202.655538,1000,2534.775392
429.893653,1000,2536.840791
-283.296983,1000,2537.886776
294.284115,1000,2539.943954
-374.52165,1000,2540.982428
-112.512843,1000,2543.056493
331.318887,1000,2544.101116
415.892686,1000,2546.182649
360.109072,1000,2547.231378
128.347705,1000,2549.300474
357.671755,1000,2550.348365
190.128781,1000,2552.500943
150.473182,1000,2553.573885
422.833757,1000,2555.639539
506.737624,1000,2556.687947
-383.14061,1000,2558.809283
-232.610954,1000,2559.852242
-522.458987,1000,2561.918425
252.982,1000,2562.975388
192.333138,1000,2565.051223
45.37407,1000,2566.125798
259.109574,1000,2568.214979
-1991.45328,1000,2569.251815
248.36188,1000,2571.315871
417.424688,1000,2572.363937
-617.694494,1000,2574.487253
347.806731,1000,2575.5348
278.019286,1000,2577.606766
322.759772,1000,2578.650595
146.381962,1000,2580.7118
-492.316036,1000,2581.752288
300.931945,1000,2583.796079
390.793759,1000,2584.834262
-1001.989457,1000,2586.926049
210.554497,1000,2587.964682
-31.637503,1000,2590.022125
323.010387,1000,2591.066494
-524.487902,1000,2593.133653
-309.378625,1000,2594.181262
147.617623,1000,2595.225525
157.454109,1000,2597.313729
268.840445,1000,2598.380093
-665.451757,1000,2600.455409
357.842397,1000,2601.521318
170.085604,1000,2603.598007
442.947542,1000,2604.663144
67.594153,1000,2606.744645
366.472008,1000,2607.803742
-4.53701,1000,2609.901817
160.993324,1000,2610.959751
-381.301446,1000,2613.084444
219.176393,1000,2614.147031
-658.199767,1000,2616.263192
197.798607,1000,2617.329263
314.452801,1000,2619.434232
-267.334993,1000,2620.533076
-118.273058,1000,2622.654943
-50.547272,1000,2623.70297
-552.451613,1000,2625.781233
427.079592,1000,2626.828167
175.714576,1000,2628.892216
461.50944,1000,2629.932041
345.303323,1000,2631.989198
-747.947262,1000,2633.026632
-329.033292,1000,2635.07433
400.997064,1000,2636.11717
-998.73682,1000,2638.230058
316.296715,1000,2639.30414
202.222103,1000,2641.429909
183.375867,1000,2642.477984
255.611696,1000,2644.539816
183.191498,1000,2645.579484
44.444767,1000,2647.654274
66.374144,1000,2648.696027
373.208518,1000,2650.756873
378.208683,1000,2651.801248
345.740426,1000,2653.963659
-269.990278,1000,2655.092836
236.678902,1000,2657.216589
222.677203,1000,2658.258456
294.841468,1000,2660.295218
81.652856,1000,2661.338503
-435.88551,1000,2662.379548
4.11076,1000,2664.435185
-55.605578,1000,2665.480535
-148.754598,1000,2667.550037
-377.274629,1000,2668.597845
-559.95171,1000,2670.677176
346.956966,1000,2671.731102
-180.444255,1000,2673.787771
-192.20319,1000,2674.835039
59.027743,1000,2676.895855
166.738784,1000,2677.936287
38.292178,1000,2680.046906
134.587094,1000,2681.110007
201.13411,1000,2683.193078
-19.520258,1000,2684.251383
339.455735,1000,2686.341212
201.559624,1000,2687.397449
442.96152,1000,2689.480885
-1309.552123,1000,2690.532643
-760.207135,1000,2692.610887
-116.658111,1000,2693.651598
449.163679,1000,2695.691595
482.31466,1000,2696.728332
344.867891,1000,2698.750684
452.302259,1000,2699.784679
176.991887,1000,2701.802288
-348.865917,1000,2702.834731
394.973339,1000,2704.882645
477.153025,1000,2705.930899
-172.472267,1000,2708.003412
35.757606,1000,2709.04406
-198.700875,1000,2711.118181
370.63195,1000,2712.168295
145.173913,1000,2714.24711
246.233897,1000,2715.285737
-721.835191,1000,2717.363515
-262.557402,1000,2718.398904
183.120899,1000,2720.449726
310.73881,1000,2721.496949
-381.232508,1000,2723.560561
-224.295993,1000,2724.620657
228.196227,1000,2726.708025
191.182906,1000,2727.765545
-1792.43134,1000,2728.829016
-116.822229,1000,2730.928502
421.518614,1000,2731.972499
40.753072,1000,2734.03241
-422.502992,1000,2735.066937
251.553467,1000,2737.145919
-177.191435,1000,2738.18899
-643.797935,1000,2740.273354
246.274583,1000,2741.322556
42.02046,1000,2743.388824
-14.332424,1000,2744.433449
205.739973,1000,2746.493497
422.899901,1000,2747.532882
107.398465,1000,2749.590912
15.147994,1000,2750.626249
-251.819406,1000,2752.77753
453.434172,1000,2753.814767
-486.875973,1000,2755.870762
366.062222,1000,2756.948977
314.788904,1000,2759.034776
194.78671,1000,2760.07738
104.139357,1000,2762.12851
73.403499,1000,2763.169449
342.30368,1000,2765.240913
-225.789885,1000,2766.299834
282.256963,1000,2768.390162
-105.57058,1000,2769.450256
-331.478498,1000,2771.536797
437.540159,1000,2772.579957
-198.132695,1000,2774.646036
510.874719,1000,2775.706586
-35.74887,1000,2777.797057
153.187981,1000,2778.852538
556.780479,1000,2780.93125
336.671227,1000,2781.976427
-21.935165,1000,2784.054543
194.015629,1000,2785.097366
432.998219,1000,2787.164013
345.339757,1000,2788.207216
305.754734,1000,2790.268013
254.767409,1000,2791.303769
13.339883,1000,2792.337342
-101.910165,1000,2794.520285
-228.226801,1000,2795.578955
61.829444,1000,2797.652206
-482.173223,1000,2798.69648
264.270042,1000,2800.759977
463.976358,1000,2801.802468
594.670369,1000,2803.8681
380.834475,1000,2804.908839
462.154145,1000,2806.974584
384.424555,1000,2808.019348
-606.570095,1000,2810.10219
84.433294,1000,2811.159495
150.59275,1000,2813.248392
477.423179,1000,2814.31372
-251.405782,1000,2816.398399
170.787192,1000,2817.447901
-727.305228,1000,2819.531859
-360.113661,1000,2820.697419
417.580789,1000,2822.829819
97.709966,1000,2823.875413
87.000269,1000,2825.942054
246.522503,1000,2826.99008
258.327076,1000,2829.081625
-165.8587,1000,2830.157298
181.804827,1000,2832.249343
401.907027,1000,2833.286678
-639.398807,1000,2835.347141
-561.730435,1000,2836.390686
64.364823,1000,2838.494838
233.407535,1000,2839.552633
246.985178,1000,2841.627925
-666.741616,1000,2842.670761
293.158259,1000,2844.749462
-1415.755178,1000,2845.808109
224.127534,1000,2847.90871
75.35125,1000,2848.972627
414.696524,1000,2851.08161
154.059789,1000,2852.141179
-1944.125346,1000,2854.237403
-1086.706903,1000,2855.295603
-1086.527723,1000,2857.410533
-1921.503506,1000,2858.455246
-237.435162,1000,2859.500491
394.438457,1000,2861.574597
-1358.513298,1000,2862.61809
-249.262513,1000,2864.687483
36.388988,1000,2865.732541
-571.248574,1000,2867.853844
-536.254,1000,2868.905738
-1639.396732,1000,2871.001015
-812.554706,1000,2872.046662
196.746385,1000,2874.133907
282.39216,1000,2875.188658
126.539368,1000,2877.307253
203.346437,1000,2878.364865
-531.989532,1000,2880.461281
272.498218,1000,2881.548868
151.174277,1000,2883.639091
216.115596,1000,2884.69977
472.224467,1000,2886.796365
171.702866,1000,2887.852831
-341.119577,1000,2889.940617
-1243.266053,1000,2890.985446
-905.535965,1000,2893.051762
-110.459058,1000,2894.094456
-654.275035,1000,2896.152834
-565.69032,1000,2897.195367
-477.783189,1000,2899.24055
326.093289,1000,2900.299631
136.875137,1000,2902.380361
228.061059,1000,2903.435491
7.619957,1000,2905.510099
-247.026289,1000,2906.563538
243.137422,1000,2908.650978
346.190585,1000,2909.709012
266.570883,1000,2911.783438
-1041.390467,1000,2912.838513
116.482633,1000,2914.924387
323.764359,1000,2915.990525
-232.439055,1000,2918.085068
241.744654,1000,2919.140558
-309.19452,1000,2921.324246
342.280255,1000,2922.368191
41.112783,1000,2924.438345
119.979651,1000,2925.495552
-886.270922,1000,2926.551661
-1725.608592,1000,2928.640415
-91.082978,1000,2929.712753
395.29173,1000,2931.897507
-963.800037,1000,2932.949004
-133.615706,1000,2935.032008
-331.32098,1000,2936.086453
-167.209876,1000,2938.171736
271.850706,1000,2939.227964
189.263916,1000,2941.355593
334.489492,1000,2942.408634
-139.971355,1000,2944.501369
-586.41613,1000,2945.547291
-1376.866698,1000,2947.712565
380.165882,1000,2948.77052
-523.922558,1000,2950.849937
-130.564474,1000,2951.889877
172.744894,1000,2953.956662
93.279378,1000,2955.003266
272.011324,1000,2957.145356
-140.053857,1000,2958.197938
86.70669,1000,2960.340494
190.248823,1000,2961.418262
-272.872335,1000,2963.503318
372.211109,1000,2964.561099
-578.200333,1000,2966.64819
272.313875,1000,2967.703093
-101.013542,1000,2969.79842
-7.328281,1000,2970.848142
325.685594,1000,2972.913229
-177.136784,1000,2973.952554
184.392182,1000,2976.043773
271.048952,1000,2977.08589
133.816816,1000,2979.20489
319.437529,1000,2980.248426
325.653472,1000,2982.317749
-860.124758,1000,2983.365257
-257.42064,1000,2985.438896
234.388893,1000,2986.484357
365.780716,1000,2988.555064
-1410.119117,1000,2989.617795
182.474285,1000,2991.731558
-180.373135,1000,2992.79545
-12.644171,1000,2993.858063
-59.359101,1000,2995.950044
128.068183,1000,2997.011887
339.498418,1000,2999.154361
171.966693,1000,3000.21776
318.554378,1000,3002.313291
15.269106,1000,3003.375061
420.871625,1000,3005.494854
-293.812964,1000,3006.554903
41.034504,1000,3008.622231
153.627411,1000,3009.658361
362.278905,1000,3011.71703
451.497089,1000,3012.753646
-1170.427898,1000,3014.865051
-1208.15854,1000,3015.966022
115.540333,1000,3018.076206
348.435052,1000,3019.12343
-730.647231,1000,3021.17853
-984.220784,1000,3022.219303
-381.928168,1000,3024.276253
274.849917,1000,3025.328713
143.20338,1000,3027.39128
-389.715091,1000,3028.434248
-372.313088,1000,3030.500718
156.320211,1000,3031.543228
-746.355824,1000,3033.60074
-337.245832,1000,3034.6361
-439.742682,1000,3036.709074
293.612203,1000,3037.752232
-290.799374,1000,3039.794359
-883.870373,1000,3040.844598
-714.874543,1000,3042.916256
-210.495719,1000,3043.968141
121.73312,1000,3046.052709
-1658.51602,1000,3047.104093
-353.73536,1000,3049.160944
369.075771,1000,3050.202357
165.503042,1000,3052.27078
320.821946,1000,3053.316538
514.019687,1000,3055.375853
-19.024334,1000,3056.42131
-2137.966912,1000,3058.585986
441.522043,1000,3059.64228
-113.705483,1000,3060.698184
-112.114732,1000,3062.791813
494.794669,1000,3063.845372
-4.547778,1000,3066.046782
547.083993,1000,3067.103531
-603.79128,1000,3069.294553
-562.432957,1000,3070.362053
-18.946152,1000,3072.456299
-230.370081,1000,3073.5248
-39.766949,1000,3075.614294
-246.518491,1000,3076.671161
-480.713065,1000,3078.760012
55.302761,1000,3079.830305
-86.210697,1000,3081.95583
-1016.800131,1000,3083.036186
-154.97311,1000,3085.156755
-273.507986,1000,3086.236263
-332.987249,1000,3088.390044
-126.659852,1000,3089.4618
-268.027885,1000,3091.558974
-16.292538,1000,3092.622596
-144.280913,1000,3094.717724
32.702269,1000,3095.782553
-1196.79865,1000,3097.87183
20.486553,1000,3098.938324
-234.659248,1000,3101.036587
-109.560174,1000,3102.107827
-287.319734,1000,3104.223095
-400.966009,1000,3105.306225
-335.734567,1000,3107.428903
-182.745934,1000,3108.497567
-586.510401,1000,3110.608036
32.790535,1000,3111.674247
21.327031,1000,3113.886821
-101.194946,1000,3114.94201
49.844221,1000,3117.000867
-274.546197,1000,3118.053343
-612.876011,1000,3120.100799
-2.818992,1000,3121.185746
-5.473124,1000,3123.310196
-92.139371,1000,3124.377344
-769.954637,1000,3126.465669
-278.999737,1000,3127.515836
-16.080894,1000,3128.562132
-182.323626,1000,3130.620257
-740.418781,1000,3131.662079
-22.561464,1000,3133.725511
-215.18805,1000,3134.771949
-17.998946,1000,3136.880794
-82.303522,1000,3137.930341
-94.790569,1000,3140.011454
-71.590077,1000,3141.066576
-92.73519,1000,3143.136436
-194.354275,1000,3144.187819
-97.743674,1000,3146.267655
30.112872,1000,3147.317342
-350.433885,1000,3149.495989
19.004268,1000,3150.568178
-1350.265577,1000,3152.664021
-370.939914,1000,3153.728601
-314.124851,1000,3155.822393
-68.131139,1000,3156.878055
-145.715851,1000,3158.960313
-169.510219,1000,3160.01504
-80.636849,1000,3162.090278
-289.400128,1000,3163.137366
-668.293927,1000,3165.232232
-362.268277,1000,3166.297152
-332.817376,1000,3168.410095
-143.339989,1000,3169.479235
-255.961782,1000,3171.573619
-938.159382,1000,3172.622282
-54.4343,1000,3174.70761
43.880652,1000,3175.761324
-102.010122,1000,3177.832304
-436.790086,1000,3178.886246
-947.758305,1000,3181.046694
-7.537699,1000,3182.119137
-39.986927,1000,3184.24412
-249.347934,1000,3185.425936
-300.526574,1000,3187.554537
106.457087,1000,3188.599891
-162.618667,1000,3190.699349
-242.28111,1000,3191.761201
-426.314047,1000,3192.829617
-890.325857,1000,3194.901603
62.507603,1000,3195.967051
-713.713828,1000,3198.062502
-284.845371,1000,3199.124244
-11.418119,1000,3201.212958
-371.278053,1000,3202.261325
23.633843,1000,3204.34196
103.823803,1000,3205.396133
-223.815577,1000,3207.565848
66.842829,1000,3208.652067
-480.5358,1000,3210.744673
70.427141,1000,3211.809829
-388.716035,1000,3213.91901
-111.79017,1000,3214.992619
-112.652603,1000,3217.1105
-105.929757,1000,3218.190046
115.15523,1000,3220.313316
-435.143144,1000,3221.369492
-80.186019,1000,3223.4184
56.232904,1000,3224.48763
46.29739,1000,3226.603143
-186.436915,1000,3227.673233
-390.554254,1000,3229.768624
-138.515815,1000,3230.82852
-230.910005,1000,3232.915157
-331.578215,1000,3233.97422
-482.676112,1000,3236.094427
-146.812682,1000,3237.160332
-100.31387,1000,3239.286551
-747.933153,1000,3240.361518
93.157314,1000,3242.505418
-254.129477,1000,3243.568257
-396.473377,1000,3245.665618
149.598848,1000,3246.727119
57.083876,1000,3248.815962
-406.516834,1000,3249.867719
-138.558051,1000,3251.964676
-228.782528,1000,3253.035128
-30.042353,1000,3255.13389
5.449787,1000,3256.185088
-179.685159,1000,3258.265969
-28.673639,1000,3259.314938
-102.503326,1000,3260.365776
-811.633407,1000,3262.432583
133.535352,1000,3263.483617
-59.547288,1000,3265.552809
-385.204513,1000,3266.600744
-121.367428,1000,3268.668128
-1102.025176,1000,3269.72026
-133.768597,1000,3271.785986
-219.99264,1000,3272.835522
-1101.189833,1000,3274.92439
-121.463257,1000,3275.965552
33.869473,1000,3278.025401
117.179199,1000,3279.072674
-1040.307171,1000,3281.132005
-432.780591,1000,3282.184043
123.582146,1000,3284.263557
-129.174291,1000,3285.349068
127.451687,1000,3287.572455
-24.102306,1000,3288.630857
-247.947023,1000,3290.697299
-519.006781,1000,3291.758949
-200.754291,1000,3293.859942
-573.659125,1000,3294.915841
200.413028,1000,3297.007028
171.694239,1000,3298.04954
-253.327071,1000,3300.137236
13.127421,1000,3301.174129
-235.568975,1000,3303.229941
73.012445,1000,3304.27494
-522.33535,1000,3306.343309
-553.759914,1000,3307.391582
166.642267,1000,3309.443908
29.675082,1000,3310.481523
167.124992,1000,3312.555887
-502.696496,1000,3313.603766
-220.570072,1000,3315.666046
-389.64008,1000,3316.716229
-21.598444,1000,3318.815856
-56.611725,1000,3319.86378
-546.78347,1000,3321.940601
125.725594,1000,3322.990528
-324.064503,1000,3325.066207
-138.10071,1000,3326.112508
-127.578861,1000,3327.158289
-668.877029,1000,3329.250125
-1163.245423,1000,3330.296824
-8.874763,1000,3332.351934
58.336275,1000,3333.391141
-1435.134754,1000,3335.609788
140.172806,1000,3336.655823
-88.053951,1000,3338.775858
-342.914887,1000,3339.824132
145.41957,1000,3341.888311
-690.367409,1000,3342.930557
-474.95333,1000,3344.996594
-266.918821,1000,3346.049703
-694.5276,1000,3348.165898
36.496956,1000,3349.249619
-412.901604,1000,3351.375057
-2.047647,1000,3352.436516
-1655.668787,1000,3354.531956
-1180.986087,1000,3355.650405
-95.429323,1000,3357.818521
92.464715,1000,3358.880777
-1524.362671,1000,3360.98153
-292.273504,1000,3362.042708
-620.659521,1000,3364.118854
-198.002543,1000,3365.175597
-150.715285,1000,3367.268407
-19.231508,1000,3368.327297
-323.714653,1000,3370.424971
-339.28615,1000,3371.523259
16.763997,1000,3373.735913
182.623507,1000,3374.796428
-314.72455,1000,3376.892468
85.776612,1000,3377.94239
-531.992133,1000,3379.989564
103.072936,1000,3381.029305
-381.161509,1000,3383.075199
77.17986,1000,3384.115186
-125.083655,1000,3386.191418
73.615234,1000,3387.234689
-978.465816,1000,3389.442789
-124.144175,1000,3390.487394
-695.192363,1000,3392.545554
-421.064673,1000,3393.598434
14.330507,1000,3394.647093
-191.115531,1000,3396.736538
-215.840987,1000,3397.81565
-897.712432,1000,3399.904904
-91.287804,1000,3400.965028
-388.387057,1000,3403.038954
165.028343,1000,3404.079829
106.564791,1000,3406.137239
-147.526256,1000,3407.194726
-54.654771,1000,3409.306017
-762.557357,1000,3410.366454
143.494636,1000,3412.468945
-74.08183,1000,3413.532599
63.973038,1000,3415.605184
105.623352,1000,3416.649072
177.054616,1000,3418.727654
-110.63833,1000,3419.773658
13.830814,1000,3421.837
-15.900001,1000,3422.894161
84.185273,1000,3424.996881
-49.030139,1000,3426.061415
-267.504068,1000,3428.166722
-399.800045,1000,3429.23032
-117.214351,1000,3431.330114
-129.208184,1000,3432.39473
15.82901,1000,3434.478845
116.322168,1000,3435.519631
-789.954081,1000,3437.594553
-425.256708,1000,3438.648079
45.453524,1000,3440.728142
30.841429,1000,3441.775706
-732.887812,1000,3443.834023
-794.972621,1000,3444.879336
-859.282308,1000,3446.937382
-80.758223,1000,3447.999937
-124.564323,1000,3450.093212
94.513228,1000,3451.151906
-216.278025,1000,3453.245031
-78.127998,1000,3454.304815
30.183523,1000,3456.39806
-109.583165,1000,3457.457546
-87.737906,1000,3459.54942
176.756574,1000,3460.611613
143.45322,1000,3461.683137
-9.496877,1000,3463.745116
130.983781,1000,3464.794364
162.016496,1000,3466.911678
-349.868211,1000,3467.976629
-927.098624,1000,3470.081513
54.947648,1000,3471.141632
-4.701492,1000,3473.231287
77.252285,1000,3474.274704
127.668031,1000,3476.345719
-392.569747,1000,3477.402978
-702.414537,1000,3479.494801
207.6942,1000,3480.552676
51.547489,1000,3482.62678
-726.23786,1000,3483.68236
-561.854763,1000,3485.740615
-29.398546,1000,3486.812037
-1403.905716,1000,3488.870516
-187.102876,1000,3489.930077
86.784446,1000,3492.028495
-487.568851,1000,3493.094513
153.865997,1000,3495.184098
-571.592399,1000,3496.23062
-12.288922,1000,3498.298042
-169.237211,1000,3499.346045
-261.11355,1000,3501.419476
-794.077046,1000,3502.473785
-4.127125,1000,3504.575463
-184.945274,1000,3505.625884
185.937468,1000,3507.694493
89.972381,1000,3508.740809
4.874668,1000,3510.809423
-647.752936,1000,3511.848429
-271.865394,1000,3513.906818
25.538587,1000,3514.94756
-59.918378,1000,3517.015007
-940.132986,1000,3518.075476
-351.679379,1000,3520.167849
-1798.866121,1000,3521.223922
-71.609459,1000,3523.391558
-348.363556,1000,3524.467193
-392.574065,1000,3526.565068
143.911491,1000,3527.633009
-534.333282,1000,3528.678681
162.998217,1000,3530.765269
24.76262,1000,3531.812159
-469.263873,1000,3533.894517
-43.679344,1000,3534.937582
266.129012,1000,3537.04073
-580.919409,1000,3538.110072
-371.708316,1000,3540.20175
-277.640294,1000,3541.266465
102.348905,1000,3543.337671
-114.629215,1000,3544.386957
-23.803332,1000,3546.41409
-525.302515,1000,3547.460023
-694.068167,1000,3549.552593
132.074641,1000,3550.608927
-60.486302,1000,3552.698421
-220.445077,1000,3553.754161
8.83156,1000,3555.994471
-784.054421,1000,3557.111614
290.434053,1000,3559.1739
-19.859331,1000,3560.219738
-384.729781,1000,3562.284188
-697.398776,1000,3563.320899
330.913096,1000,3565.383065
160.624897,1000,3566.425999
94.039049,1000,3568.513493
-1013.063772,1000,3569.554505
30.014855,1000,3571.629447
-1790.087653,1000,3572.674207
51.186286,1000,3574.856855
-522.150413,1000,3575.895999
-37.149444,1000,3578.072865
-1195.388571,1000,3579.149827
-369.19945,1000,3581.214913
-163.658598,1000,3582.265962
-391.967358,1000,3584.342539
-13.081339,1000,3585.393297
-1514.024798,1000,3587.543116
-1.512706,1000,3588.602836
-442.148527,1000,3590.672659
-15.521448,1000,3591.719858
-1511.832802,1000,3592.767824
146.04357,1000,3594.842603
198.737369,1000,3595.900019
-11.392957,1000,3597.987418
-982.69271,1000,3599.035755
-614.391841,1000,3601.075143
-129.247995,1000,3602.12324
201.1901,1000,3604.169555
150.811961,1000,3605.22149
-125.467993,1000,3607.329471
77.493227,1000,3608.389019
-540.368337,1000,3610.460578
-247.97413,1000,3611.514382
135.510548,1000,3613.601439
-432.604442,1000,3614.666687
-180.994185,1000,3616.759042
26.812708,1000,3617.826877
-662.891499,1000,3620.061348
-53.673969,1000,3621.129664
-1001.037252,1000,3623.244699
-545.843608,1000,3624.312523
-676.23983,1000,3626.424054
-31.163612,1000,3627.495387
-894.044562,1000,3629.593165
90.484066,1000,3630.642395
-574.523515,1000,3632.723892
-275.688351,1000,3633.776531
-1060.3822,1000,3635.880876
-464.612689,1000,3636.926323
-938.095614,1000,3639.006927
-358.338302,1000,3640.05513
195.113926,1000,3642.144012
-585.391715,1000,3643.215482
-192.515689,1000,3645.319447
142.414955,1000,3646.390281
284.700227,1000,3648.488322
-120.53981,1000,3649.561035
-150.783732,1000,3651.668404
-295.716533,1000,3652.740013
-133.597748,1000,3654.871228
139.884845,1000,3655.926997
-17.707119,1000,3658.16053
-675.676439,1000,3659.217696
-48.344545,1000,3660.270906
333.457969,1000,3662.393223
263.299546,1000,3663.439835
-157.903779,1000,3665.498036
-245.878941,1000,3666.548435
-1372.520499,1000,3668.629245
186.093044,1000,3669.67642
-596.020158,1000,3671.807973
59.831124,1000,3672.873978
124.397538,1000,3675.016058
-941.166999,1000,3676.066895
-209.484344,1000,3678.138386
339.476451,1000,3679.19161
294.449266,1000,3681.259723
103.911851,1000,3682.311892
147.109463,1000,3684.380082
286.612207,1000,3685.429681
-43.147612,1000,3687.487303
138.800658,1000,3688.538625
55.887541,1000,3690.632495
-369.4219,1000,3691.687803
-672.928353,1000,3693.782669
202.011665,1000,3694.85324
196.611144,1000,3696.929953
247.332165,1000,3697.983649
234.10442,1000,3700.060582
221.114634,1000,3701.109666
289.599439,1000,3703.195363
142.271016,1000,3704.247243
80.934538,1000,3706.318987
266.895615,1000,3707.365594
-259.667943,1000,3709.434161
-722.909878,1000,3710.481461
-59.974398,1000,3712.561537
226.223665,1000,3713.617224
179.728852,1000,3715.696576
257.841924,1000,3716.749866
-41.759353,1000,3718.834523
-1213.577172,1000,3719.88097
-411.101085,1000,3721.955103
-628.138591,1000,3723.014523
-133.123938,1000,3725.141609
46.026079,1000,3726.190429
100.404346,1000,3727.237555
219.47089,1000,3729.318915
170.021077,1000,3730.370315
303.460123,1000,3732.480739
-235.197107,1000,3733.526201
186.931296,1000,3735.586657
172.904383,1000,3736.635418
271.27351,1000,3738.73426
85.55782,1000,3739.809131
92.065413,1000,3741.899605
-342.723827,1000,3742.942337
-525.80783,1000,3745.013413
61.109528,1000,3746.060544
-932.228725,1000,3748.190429
158.68103,1000,3749.262748
234.076924,1000,3751.451674
363.951475,1000,3752.523375
204.447485,1000,3754.616612
222.921372,1000,3755.665727
115.183567,1000,3757.730812
247.482965,1000,3758.779535
127.971591,1000,3760.88068
354.089114,1000,3761.943043
-1042.141685,1000,3764.038661
-1202.557033,1000,3765.087862
-3.563505,1000,3767.169779
32.398412,1000,3768.217022
-125.393665,1000,3770.294946
-626.82451,1000,3771.343696
171.001104,1000,3773.406332
252.572241,1000,3774.455185
85.828084,1000,3776.554818
-159.779918,1000,3777.604604
174.270078,1000,3779.700891
328.771382,1000,3780.75835
-394.269349,1000,3782.850557
233.148724,1000,3783.909928
135.244039,1000,3786.013966
-14.498717,1000,3787.066245
-1016.063878,1000,3789.142381
291.80762,1000,3790.199882
-90.959211,1000,3792.281421
-16.49874,1000,3793.349659
86.824539,1000,3794.420648
345.101064,1000,3796.547463
-795.847056,1000,3797.61724
-205.66536,1000,3799.73476
-174.741438,1000,3800.803078
176.82149,1000,3802.893013
171.325629,1000,3803.947123
37.415147,1000,3806.026783
90.746652,1000,3807.081645
-235.364686,1000,3809.149258
164.493267,1000,3810.193906
259.782507,1000,3812.254147
76.864722,1000,3813.303864
252.222841,1000,3815.381429
295.139802,1000,3816.435374
-200.277963,1000,3818.532584
-234.366704,1000,3819.58876
350.195722,1000,3821.679449
-447.795375,1000,3822.755617
92.052103,1000,3824.833664
-84.351521,1000,3825.891797
179.624203,1000,3827.975316
-596.93348,1000,3829.030021
7.163521,1000,3831.108748
-448.934777,1000,3832.166108
-350.335563,1000,3834.276057
-12.496995,1000,3835.326195
-421.656353,1000,3837.387298
323.564295,1000,3838.438414
-562.846878,1000,3840.554134
279.414603,1000,3841.608697
279.269808,1000,3843.687063
254.906361,1000,3844.738395
-866.970271,1000,3846.837311
256.522922,1000,3847.909992
80.544837,1000,3850.1299
204.17912,1000,3851.197911
86.728773,1000,3853.300955
-58.581307,1000,3854.371927
-885.68257,1000,3856.501744
192.004872,1000,3857.568301
81.325021,1000,3859.670805
-143.62965,1000,3860.741326
-210.419922,1000,3861.812771
-153.981506,1000,3863.924086
-160.22174,1000,3864.991364
-358.489887,1000,3867.079904
425.384976,1000,3868.13463
-144.21229,1000,3870.222069
-189.287638,1000,3871.275419
-10.406942,1000,3873.371936
-36.907535,1000,3874.422422
294.982788,1000,3876.515373
-45.390017,1000,3877.593537
19.264985,1000,3879.713535
235.770428,1000,3880.781377
-239.268171,1000,3882.889213
293.820752,1000,3883.957198
47.136203,1000,3886.069253
-422.56189,1000,3887.140921
65.8038,1000,3889.242112
-386.567514,1000,3890.293326
286.13857,1000,3892.403716
-443.790072,1000,3893.481211
-299.651662,1000,3895.62885
110.236034,1000,3896.694316
-294.575009,1000,3898.79455
171.532344,1000,3899.850851
289.925361,1000,3901.957974
-65.496985,1000,3903.023766
-79.013788,1000,3905.115067
310.47622,1000,3906.164972
-305.505679,1000,3908.238141
-18.972042,1000,3909.291579
31.492314,1000,3911.385058
227.991507,1000,3912.432803
-193.047483,1000,3914.515352
299.335979,1000,3915.576358
-572.745148,1000,3917.660147
344.213513,1000,3918.711714
246.207952,1000,3920.777787
213.629473,1000,3921.827212
-99.043943,1000,3923.91422
171.84111,1000,3924.982728
-213.842886,1000,3927.081812
219.492432,1000,3928.149915
254.229973,1000,3929.217715
313.654772,1000,3931.300854
-80.021305,1000,3932.355588
396.539686,1000,3934.441097
-65.0751,1000,3935.503472
210.316812,1000,3937.584881
58.776433,1000,3938.637087
281.682067,1000,3940.700672
28.039279,1000,3941.74057
-120.956834,1000,3943.817602
179.132676,1000,3944.879758
195.665721,1000,3946.953277
-667.566236,1000,3948.024438
392.977743,1000,3950.102514
384.833945,1000,3951.148053
-332.937656,1000,3953.211135
-18.492681,1000,3954.257514
125.698496,1000,3956.350953
-705.666539,1000,3957.416791
230.161299,1000,3959.560608
-723.120081,1000,3960.62421
-654.793289,1000,3962.729397
-495.467062,1000,3963.794162
279.443986,1000,3965.885062
170.752317,1000,3966.947556
-85.266532,1000,3969.020851
64.849544,1000,3970.062741
220.895783,1000,3972.130804
74.835223,1000,3973.165721
-148.703072,1000,3975.257165
57.582518,1000,3976.30717
240.973992,1000,3978.378155
-867.203504,1000,3979.425905
-556.95967,1000,3981.49336
-534.207548,1000,3982.540885
194.215767,1000,3984.651512
221.646601,1000,3985.703838
126.181418,1000,3987.784128
103.45861,1000,3988.833313
-381.796475,1000,3991.04027
2.521207,1000,3992.086363
202.34318,1000,3993.135242
167.693355,1000,3995.21163
122.094473,1000,3996.260134
-538.647518,1000,3998.332606
-1122.112879,1000,3999.384877
-367.293266,1000,4001.447638
223.127477,1000,4002.488272
47.614566,1000,4004.545963
-301.65922,1000,4005.586145
369.20714,1000,4007.652544
232.993082,1000,4008.697058
359.154136,1000,4010.769987
281.554915,1000,4011.813629
111.852552,1000,4013.887099
-512.728526,1000,4014.936685
257.746087,1000,4017.024063
254.535678,1000,4018.074987
87.837559,1000,4020.271344
-98.566124,1000,4021.32353
-111.987229,1000,4023.396498
-273.994874,1000,4024.450147
126.886952,1000,4026.52594
163.232939,1000,4027.575088
285.807625,1000,4029.766227
-28.028979,1000,4030.807185
363.229341,1000,4032.874492
411.037319,1000,4033.946244
378.717973,1000,4036.111586
344.171836,1000,4037.165722
221.974607,1000,4039.261255
244.190101,1000,4040.338127
345.560981,1000,4042.45685
-123.074132,1000,4043.538017
116.773097,1000,4045.613265
237.302878,1000,4046.65854
-62.790818,1000,4048.760707
-50.923905,1000,4049.813998
-316.697756,1000,4051.882396
381.651383,1000,4052.932676
387.396225,1000,4055.082636
268.650089,1000,4056.143895
349.904711,1000,4058.26973
290.711596,1000,4059.338396
234.203879,1000,4060.383743
190.274717,1000,4062.45894
129.815287,1000,4063.503712
139.364804,1000,4065.600021
-535.106451,1000,4066.646351
322.297736,1000,4068.724463
65.190244,1000,4069.779005
302.021467,1000,4071.856239
555.365791,1000,4072.905499
109.943114,1000,4074.98989
317.373803,1000,4076.035805
-573.794568,1000,4078.110866
408.671556,1000,4079.157283
225.656633,1000,4081.235495
-510.000706,1000,4082.282442
-268.471885,1000,4084.340326
407.470856,1000,4085.386037
-131.069467,1000,4087.505707
190.550482,1000,4088.568052
56.122677,1000,4090.666461
-326.108639,1000,4091.725446
188.224986,1000,4093.821156
-286.777924,1000,4094.881907
438.06391,1000,4096.994675
-404.599429,1000,4098.060277
251.514367,1000,4100.135532
125.508799,1000,4101.181774
249.047002,1000,4103.256272
443.752205,1000,4104.321331
59.743103,1000,4106.408216
-41.211354,1000,4107.452143
-643.84067,1000,4109.515251
-3.311459,1000,4110.559175
178.447632,1000,4112.650346
307.986604,1000,4113.697654
270.416489,1000,4115.833796
331.822376,1000,4116.876807
189.123409,1000,4118.934874
124.101375,1000,4119.983081
-66.625619,1000,4122.075711
233.379652,1000,4123.1386
91.223598,1000,4125.239547
16.652835,1000,4126.327518
-1354.946151,1000,4127.398809
-712.476962,1000,4129.479121
75.3074,1000,4130.521789
128.466801,1000,4132.667175
15.696995,1000,4133.728813
-637.147289,1000,4135.96934
102.984871,1000,4137.024647
199.560418,1000,4139.111326
-95.664537,1000,4140.168542
351.730151,1000,4142.270219
403.915054,1000,4143.329715
93.420217,1000,4145.444737
163.94543,1000,4146.49384
239.879769,1000,4148.571873
-70.784433,1000,4149.622643
234.282511,1000,4151.738211
380.261291,1000,4152.800805
320.391481,1000,4154.899748
378.360359,1000,4155.957113
-96.228886,1000,4158.057134
-1447.392766,1000,4159.126934
371.562268,1000,4161.23032
373.993892,1000,4162.28481
-190.333712,1000,4164.353421
117.580866,1000,4165.392302
339.525103,1000,4167.443815
-695.383985,1000,4168.487288
-506.535315,1000,4170.568495
106.752408,1000,4171.62799
396.980363,1000,4173.749111
46.081124,1000,4174.800634
375.716218,1000,4176.88731
-485.136757,1000,4177.931957
-71.022599,1000,4180.000901
222.712009,1000,4181.06445
-1373.992047,1000,4183.169415
258.49317,1000,4184.231933
288.41594,1000,4186.38536
304.865077,1000,4187.445931
209.38164,1000,4189.616014
251.262426,1000,4190.681207
-283.604736,1000,4192.780637
-691.10247,1000,4193.825453
238.141496,1000,4194.873247
236.517565,1000,4196.94426
400.489669,1000,4197.991039
-1371.602418,1000,4200.055832
127.37667,1000,4201.096261
-18.342162,1000,4203.160677
-488.22112,1000,4204.22232
45.326428,1000,4206.253924
427.36622,1000,4207.296363
353.058238,1000,4209.331666
-394.851245,1000,4210.374212
28.973068,1000,4212.406979
-25.07454,1000,4213.454461
400.226224,1000,4215.524855
-193.469548,1000,4216.570196
-431.73683,1000,4218.66243
3.124787,1000,4219.710835
341.562509,1000,4221.785182
256.730408,1000,4222.843379
236.880639,1000,4224.912097
-211.589754,1000,4225.952173
-46.562075,1000,4228.028243
127.640151,1000,4229.086452
144.510275,1000,4231.174162
302.401323,1000,4232.228414
-242.625524,1000,4234.318651
107.611448,1000,4235.374445
-900.871846,1000,4237.426788
348.489251,1000,4238.467755
-45.597734,1000,4240.526944
-250.983989,1000,4241.571287
-161.767315,1000,4243.656031
-113.751024,1000,4244.713341
424.025025,1000,4246.814608
135.6148,1000,4247.857559
-39.681571,1000,4249.919201
-409.232559,1000,4250.963957
-543.944048,1000,4253.052599
252.320231,1000,4254.099671
-1.789257,1000,4256.191168
-18.516082,1000,4257.241532
179.267566,1000,4259.315597
-77.644874,1000,4260.369418
83.732037,1000,4261.422737
-1169.975265,1000,4263.491143
-1390.474869,1000,4264.539688
-595.1466,1000,4266.606201
-23.48468,1000,4267.653688
141.273661,1000,4269.758258
-832.696005,1000,4270.806109
340.742559,1000,4272.891021
-184.224799,1000,4273.934604
213.394423,1000,4276.118855
-457.583185,1000,4277.183692
75.836852,1000,4279.252658
-454.332029,1000,4280.310505
173.499438,1000,4282.380321
363.691312,1000,4283.430861
50.765898,1000,4285.521676
53.673588,1000,4286.573235
404.573466,1000,4288.655266
127.434243,1000,4289.711766
-727.487647,1000,4291.862139
-467.309709,1000,4292.916002
259.776648,1000,4295.014919
-340.572343,1000,4296.063523
261.375651,1000,4298.218538
-501.431058,1000,4299.269322
301.501475,1000,4301.35534
94.676358,1000,4302.39382
-237.483789,1000,4304.469935
237.490957,1000,4305.510101
73.989447,1000,4307.561014
-16.355236,1000,4308.63432
108.668042,1000,4310.69159
138.676756,1000,4311.730141
-158.472788,1000,4313.777743
-519.310825,1000,4314.81707
88.009427,1000,4316.860976
320.575594,1000,4317.895208
-207.400027,1000,4319.940366
-249.990245,1000,4320.974011
396.517583,1000,4323.052515
-1178.237549,1000,4324.090262
-261.642669,1000,4326.157744
378.548705,1000,4327.192971
-304.733469,1000,4328.253752
187.280321,1000,4330.317566
260.8483,1000,4331.363957
-166.683397,1000,4333.469974
45.835777,1000,4334.530709
68.595213,1000,4336.583782
304.908773,1000,4337.622052
-514.350804,1000,4339.716173
210.01255,1000,4340.753787
209.066071,1000,4342.802478
-379.002853,1000,4343.837956
119.133139,1000,4345.939107
355.061084,1000,4346.993164
-351.672516,1000,4349.091687
342.179072,1000,4350.149768
-1546.899794,1000,4352.242414
6.01665,1000,4353.287961
-133.834879,1000,4355.347174
338.65296,1000,4356.393305
264.156619,1000,4358.46097
-455.830652,1000,4359.500203
251.446362,1000,4361.558005
394.606936,1000,4362.5969
309.922161,1000,4364.687493
-9.427292,1000,4365.731258
138.577049,1000,4367.82534
-401.167822,1000,4368.885937
130.920103,1000,4371.005351
-504.47519,1000,4372.064527
169.001692,1000,4374.159548
-35.080708,1000,4375.215315
36.670426,1000,4377.3061
-123.03393,1000,4378.380143
243.694497,1000,4380.476502
-37.133195,1000,4381.548417
140.579711,1000,4383.720284
152.609321,1000,4384.761161
354.895794,1000,4386.905592
386.474499,1000,4387.967358
169.367924,1000,4390.06756
-887.533907,1000,4391.111105
-1037.819202,1000,4392.159713
301.910856,1000,4394.249132
140.448516,1000,4395.291291
-577.665281,1000,4397.401507
136.196646,1000,4398.457424
-638.082546,1000,4400.553718
346.167917,1000,4401.605947
91.558396,1000,4403.67049
63.891532,1000,4404.724939
193.027434,1000,4406.771007
125.247406,1000,4407.808053
-936.246388,1000,4409.991127
320.003664,1000,4411.036402
-116.17631,1000,4413.1245
242.263504,1000,4414.165023
154.834179,1000,4416.346726
-275.10363,1000,4417.385047
-99.687445,1000,4419.461151
387.876838,1000,4420.521749
-346.120271,1000,4422.611175
-250.597704,1000,4423.674379
-402.340382,1000,4425.756967
180.320882,1000,4426.810848
-18.685509,1000,4428.901546
-1375.965281,1000,4429.95679
-208.646703,1000,4432.036761
-223.496051,1000,4433.076931
25.83381,1000,4435.158078
356.204274,1000,4436.20283
-5.812796,1000,4438.292377
-25.40567,1000,4439.343329
-695.498509,1000,4441.38203
345.14844,1000,4442.425078
-133.923717,1000,4444.473489
306.087058,1000,4445.518162
234.515197,1000,4447.63801
126.294798,1000,4448.697461
-239.735615,1000,4450.803474
308.476706,1000,4451.838535
2.086376,1000,4453.895007
-380.547444,1000,4454.951436
92.342049,1000,4457.037752
119.413744,1000,4458.09898
130.377911,1000,4459.158272
-280.879036,1000,4461.21752
-26.141397,1000,4462.265217
86.743794,1000,4464.327405
-195.056746,1000,4465.368606
-94.768339,1000,4467.435974
-1033.267376,1000,4468.48556
384.531177,1000,4470.531667
-275.009272,1000,4471.578179
236.91753,1000,4473.630366
229.226151,1000,4474.672149
136.727638,1000,4476.764361
-551.674787,1000,4477.827188
83.293633,1000,4479.900927
382.375055,1000,4480.954403
-703.965424,1000,4483.029718
-513.239145,1000,4484.072259
-169.95678,1000,4486.122417
52.469324,1000,4487.162338
24.242848,1000,4489.237889
136.0127,1000,4490.293509
323.088983,1000,4492.380195
420.693429,1000,4493.439148
236.538386,1000,4495.513003
228.455471,1000,4496.556721
-1300.059446,1000,4498.624886
-741.761945,1000,4499.669084
361.56514,1000,4501.731527
48.967777,1000,4502.774547
-253.19948,1000,4504.831585
-338.026509,1000,4505.879683
391.477684,1000,4507.960618
285.860061,1000,4509.003572
-111.637565,1000,4511.10154
-360.786899,1000,4512.156504
232.236543,1000,4514.25128
-86.269661,1000,4515.403205
-528.346305,1000,4517.462436
463.669901,1000,4518.503774
65.496623,1000,4520.704056
-28.860967,1000,4521.790037
-128.45558,1000,4523.908055
-472.257661,1000,4524.950942
319.967018,1000,4525.99772
272.041162,1000,4528.069836
-373.553686,1000,4529.111721
107.990639,1000,4531.200389
-63.282454,1000,4532.245593
-265.139724,1000,4534.343975
349.615663,1000,4535.398109
-192.130792,1000,4537.494256
107.78696,1000,4538.549079
290.80993,1000,4540.656389
-510.875257,1000,4541.709267
198.414137,1000,4543.774071
-58.705445,1000,4544.811491
-148.001087,1000,4546.847756
44.972715,1000,4547.985276
-928.596159,1000,4550.042811
-544.440037,1000,4551.085996
182.565412,1000,4553.167731
-6.934863,1000,4554.215334
-71.97894,1000,4556.271673
-355.101748,1000,4557.320062
232.151947,1000,4559.374576
57.289289,1000,4560.419901
295.953822,1000,4562.481253
-935.995315,1000,4563.524285
-417.018261,1000,4565.578866
312.648583,1000,4566.622812
301.599094,1000,4568.747582
-118.765607,1000,4569.858187
-1061.921325,1000,4571.928472
10.575469,1000,4572.975297
-100.547449,1000,4575.049542
330.364686,1000,4576.094238
-38.249523,1000,4578.162977
-1285.569915,1000,4579.221755
249.213583,1000,4581.298879
245.603178,1000,4582.351161
-265.674324,1000,4584.491384
-60.048367,1000,4585.5363
278.122836,1000,4587.608616
268.891073,1000,4588.657528
-931.105121,1000,4590.727606
72.592028,1000,4591.771157
118.801736,1000,4592.814836
330.898931,1000,4594.884035
-172.223292,1000,4595.927748
-1802.997604,1000,4598.068042
34.765623,1000,4599.113254
39.818506,1000,4601.167227
-378.162343,1000,4602.207234
328.613664,1000,4604.311152
21.962011,1000,4605.358017
-26.600187,1000,4607.452867
-410.163952,1000,4608.496045
227.084353,1000,4610.573176
100.153267,1000,4611.617823
287.143374,1000,4613.678023
108.743712,1000,4614.720095
276.062832,1000,4616.820386
-105.40947,1000,4617.884436
145.799608,1000,4619.959899
30.209102,1000,4621.001067
205.884649,1000,4623.089
336.893114,1000,4624.146287
139.543656,1000,4626.28644
1.648485,1000,4627.328354
124.021476,1000,4629.408811
199.298138,1000,4630.462904
337.279195,1000,4632.53695
150.614659,1000,4633.595388
454.701692,1000,4635.659199
-334.348989,1000,4636.693986
-146.625861,1000,4638.765637
220.020557,1000,4639.821551
-378.123521,1000,4641.910197
-629.240419,1000,4642.968295
181.19596,1000,4645.043615
190.924548,1000,4646.100172
-1269.316421,1000,4648.184968
269.196523,1000,4649.248693
216.703557,1000,4651.368228
-239.412135,1000,4652.444798
288.137422,1000,4654.531725
287.650911,1000,4655.587861
339.213504,1000,4657.680514
-670.923982,1000,4658.735053
247.668098,1000,4659.785832
422.046073,1000,4661.872158
386.370918,1000,4662.919452
57.515502,1000,4665.007471
337.836404,1000,4666.050503
-300.898794,1000,4668.128699
62.757523,1000,4669.174965
-90.601057,1000,4671.254036
14.964154,1000,4672.294691
-483.606586,1000,4674.361729
120.042585,1000,4675.414008
-1097.216269,1000,4677.500926
-1236.41533,1000,4678.553115
